

############################################### 
           Output = V19 
###############################################

###### Fitting Model #####

surface = reg 
Stepwise Addition:
 Model                                       	GCV Score
 15                                          	 921.41 
 15  6                                       	 305.38 
 15  6  7                                    	 113.38 
 15  6  7  9                                 	 9.9592 
 15  6  7  9 12                              	 6.2918 
 15  6  7  9 12  2                           	 2.8137 
 15  6  7  9 12  2  3                        	 1.7043 
 15  6  7  9 12  2  3 14                     	 1.0868 
 15  6  7  9 12  2  3 14 11                  	 0.68261 
 15  6  7  9 12  2  3 14 11 10               	 0.45278 
 15  6  7  9 12  2  3 14 11 10  5            	 0.25652 
 15  6  7  9 12  2  3 14 11 10  5  1         	 0.063391 
 15  6  7  9 12  2  3 14 11 10  5  1  4      	 0.037964 
 15  6  7  9 12  2  3 14 11 10  5  1  4 13   	 0.018338 
 15  6  7  9 12  2  3 14 11 10  5  1  4 13  8	 4.0937e-15 

Stepwise Deletion:
 Model                                       	GCV Score
 15  6  7  9 12  2  3 14 11 10  5  1  4 13   	 0.018338 
 15  6  7  9 12  2  3 14 11 10  5  1  4      	 0.037964 
 15  6  7  9 12  2  3 14 11 10  5  1         	 0.063391 
 15  6  7  9 12  2  3 14 11 10  5            	 0.25652 
 15  6  7  9 12  2  3 14 11 10               	 0.45278 
 15  6  7  9 12  2  3 14 11                  	 0.68261 
 15  6  7  9 12  2  3 14                     	 1.0868 
 15  6  7  9 12  2  3                        	 1.7043 
 15  6  7  9 12  2                           	 2.8137 
 15  6  7  9 12                              	 6.2918 
 15  6  7  9                                 	 9.9592 
 15  6  7                                    	 113.38 
 15  6                                       	 305.38 
 15                                          	 921.41 

Final Model: 15 6 7 9 12 2 3 14 11 10 5 1 4 13 8


####### Output = V19 #######

#### surface = reg ####

Estimated Model Summary: 
Model: V19 = f(V17, V8, V9, V11, V14, V4, V5, V16, V13, V12, V7, V3, V6, V15, V10)
Rsq = 1
dfmod = 16

Input	Rsq 	src 	pcc^2 	95% pcc^2 CI	p-val
V17	0.908 	0.950 	0.718 	(0.708, 0.727)	0.000 	
V8	0.970 	0.245 	0.013 	(0.009, 0.018)	0.000 	
V9	0.989 	-0.139 	0.006 	(0.003, 0.009)	0.000 	
V11	0.999 	0.101 	0.002 	(0.000, 0.004)	0.000 	
V14	0.999 	0.019 	0.000 	(0.000, 0.002)	0.000 	
V4	1.000 	-0.019 	0.000 	(0.000, 0.001)	0.000 	
V5	1.000 	0.010 	0.000 	(0.000, 0.001)	0.000 	
V16	1.000 	-0.008 	0.000 	(0.000, 0.000)	0.000 	
V13	1.000 	-0.006 	0.000 	(0.000, 0.001)	0.000 	
V12	1.000 	-0.005 	0.000 	(0.000, 0.002)	0.000 	
V7	1.000 	-0.004 	0.000 	(0.000, 0.001)	0.000 	
V3	1.000 	-0.004 	0.000 	(0.000, 0.001)	0.000 	
V6	1.000 	-0.002 	0.000 	(0.000, 0.001)	0.000 	
V15	1.000 	0.001 	0.000 	(0.000, 0.000)	0.000 	
V10	1.000 	-0.001 	0.000 	(0.000, 0.001)	0.000 	

