

############################################### 
           Output = V19 
###############################################

###### Fitting Model #####

###### Calculating Meta-Model Estimate  ######

surface = rs.reg 
Stepwise Addition:
 Model                                       	GCV Score
 15                                          	 921.17 
 15  6                                       	 305.44 
 15  6  7                                    	 113.43 
 15  6  7  9                                 	 9.9642 
 15  6  7  9 12                              	 6.2959 
 15  6  7  9 12  2                           	 2.8153 
 15  6  7  9 12  2  3                        	 1.705 
 15  6  7  9 12  2  3 14                     	 1.0872 
 15  6  7  9 12  2  3 14 11                  	 0.68259 
 15  6  7  9 12  2  3 14 11 10               	 0.45293 
 15  6  7  9 12  2  3 14 11 10  5            	 0.25662 
 15  6  7  9 12  2  3 14 11 10  5  1         	 0.063463 
 15  6  7  9 12  2  3 14 11 10  5  1  4      	 0.037991 
 15  6  7  9 12  2  3 14 11 10  5  1  4 13   	 0.018377 
 15  6  7  9 12  2  3 14 11 10  5  1  4 13  8	 Inf 

Stepwise Deletion:
 Model                                       	GCV Score
 15  6  7  9 12  2  3 14 11 10  5  1  4 13   	 0.018377 
 15  6  7  9 12  2  3 14 11 10  5  1  4      	 0.037991 
 15  6  7  9 12  2  3 14 11 10  5  1         	 0.063463 
 15  6  7  9 12  2  3 14 11 10  5            	 0.25662 
 15  6  7  9 12  2  3 14 11 10               	 0.45293 
 15  6  7  9 12  2  3 14 11                  	 0.68259 
 15  6  7  9 12  2  3 14                     	 1.0872 
 15  6  7  9 12  2  3                        	 1.705 
 15  6  7  9 12  2                           	 2.8153 
 15  6  7  9 12                              	 6.2959 
 15  6  7  9                                 	 9.9642 
 15  6  7                                    	 113.43 
 15  6                                       	 305.44 
 15                                          	 921.17 

Final Model: 15 6 7 9 12 2 3 14 11 10 5 1 4 13


###### Calculating Sensitivity Indices #####

###### Calculating CDF Estimate  ######


####### Output = V19 #######

#### surface = rs.reg ####

Estimated Model Summary: 
Model: V19 = f(V17, V8, V9, V11, V4, V14, V5, V16, V13, V12, V7, V3, V6, V15)
Rsq = 0.9999982
dfmod = 41

Input	S.hat 	S.cum 	T.hat 	95% T CI 	p-val
V17	0.892 	0.892 	0.908 	(NA, NA)	NA 	
V8	0.066 	0.958 	0.066 	(NA, NA)	NA 	
V9	0.022 	0.980 	0.026 	(NA, NA)	NA 	
V11	0.020 	1.000 	0.014 	(NA, NA)	NA 	
V4	0.000 	1.000 	0.007 	(NA, NA)	NA 	
V14	0.000 	1.000 	0.003 	(NA, NA)	NA 	
V5	0.000 	1.000 	0.000 	(NA, NA)	NA 	
V16	0.000 	1.000 	0.000 	(NA, NA)	NA 	
V13	0.000 	1.000 	0.000 	(NA, NA)	NA 	
V12	0.000 	1.000 	0.000 	(NA, NA)	NA 	
V7	0.000 	1.000 	0.000 	(NA, NA)	NA 	
V3	0.000 	1.000 	0.000 	(NA, NA)	NA 	
V6	0.000 	1.000 	0.000 	(NA, NA)	NA 	
V15	0.000 	1.000 	0.000 	(NA, NA)	NA 	

