

############################################### 
           Output = V19 
###############################################

###### Fitting Model #####

surface = reg 
Stepwise Addition:
 Model                                       	GCV Score
 15                                          	 1239.8 
 15  6                                       	 432.85 
 15  6  7                                    	 148.84 
 15  6  7  9                                 	 16.892 
 15  6  7  9 11                              	 10.88 
 15  6  7  9 11  3                           	 6.0081 
 15  6  7  9 11  3 12                        	 3.0924 
 15  6  7  9 11  3 12  1                     	 1.9164 
 15  6  7  9 11  3 12  1 14                  	 1.0397 
 15  6  7  9 11  3 12  1 14  2               	 0.55994 
 15  6  7  9 11  3 12  1 14  2 10            	 0.2813 
 15  6  7  9 11  3 12  1 14  2 10  4         	 0.15757 
 15  6  7  9 11  3 12  1 14  2 10  4 13      	 0.065433 
 15  6  7  9 11  3 12  1 14  2 10  4 13  5   	 0.001715 
 15  6  7  9 11  3 12  1 14  2 10  4 13  5  8	 8.8059e-15 

Stepwise Deletion:
 Model                                       	GCV Score
 15  6  7  9 11  3 12  1 14  2 10  4 13  5   	 0.001715 
 15  6  7  9 11  3 12  1 14  2 10  4 13      	 0.065433 
 15  6  7  9 11  3 12  1 14  2 10  4         	 0.15757 
 15  6  7  9 11  3 12  1 14  2 10            	 0.2813 
 15  6  7  9 11  3 12  1 14  2               	 0.55994 
 15  6  7  9 11  3 12  1 14                  	 1.0397 
 15  6  7  9 11  3 12  1                     	 1.9164 
 15  6  7  9 11  3 12                        	 3.0924 
 15  6  7  9 11  3                           	 6.0081 
 15  6  7  9 11                              	 10.88 
 15  6  7  9                                 	 16.892 
 15  6  7                                    	 148.84 
 15  6                                       	 432.85 
 15                                          	 1239.8 

Final Model: 15 6 7 9 11 3 12 1 14 2 10 4 13 5 8


####### Output = V19 #######

#### surface = reg ####

Estimated Model Summary: 
Model: V19 = f(V17, V8, V9, V11, V13, V5, V14, V3, V16, V4, V12, V6, V15, V7, V10)
Rsq = 1
dfmod = 16

Input	Rsq 	src 	pcc^2 	95% pcc^2 CI	p-val
V17	0.876 	0.936 	0.644 	(0.633, 0.655)	0.000 	
V8	0.957 	0.281 	0.017 	(0.013, 0.023)	0.000 	
V9	0.985 	-0.169 	0.008 	(0.005, 0.012)	0.000 	
V11	0.998 	0.115 	0.005 	(0.003, 0.008)	0.000 	
V13	0.999 	-0.024 	0.000 	(0.000, 0.001)	0.000 	
V5	0.999 	0.022 	0.000 	(0.000, 0.001)	0.000 	
V14	1.000 	0.017 	0.000 	(0.000, 0.001)	0.000 	
V3	1.000 	-0.011 	0.000 	(0.000, 0.001)	0.000 	
V16	1.000 	-0.009 	0.000 	(0.000, 0.000)	0.000 	
V4	1.000 	-0.007 	0.000 	(0.000, 0.001)	0.000 	
V12	1.000 	-0.005 	0.000 	(0.000, 0.001)	0.000 	
V6	1.000 	0.004 	0.000 	(0.000, 0.000)	0.000 	
V15	1.000 	0.003 	0.000 	(0.000, 0.001)	0.000 	
V7	1.000 	-0.003 	0.000 	(0.000, 0.001)	0.000 	
V10	1.000 	0.000 	0.000 	(0.000, 0.001)	0.000 	

