

############################################### 
           Output = V19 
###############################################

###### Fitting Model #####

###### Calculating Meta-Model Estimate  ######

surface = rs.reg 
Stepwise Addition:
 Model                                       	GCV Score
 15                                          	 1239.8 
 15  6                                       	 432.93 
 15  6  7                                    	 148.86 
 15  6  7  9                                 	 16.891 
 15  6  7  9 11                              	 10.882 
 15  6  7  9 11  3                           	 6.0086 
 15  6  7  9 11  3 12                        	 3.0939 
 15  6  7  9 11  3 12  1                     	 1.9179 
 15  6  7  9 11  3 12  1 14                  	 1.0408 
 15  6  7  9 11  3 12  1 14  2               	 0.56078 
 15  6  7  9 11  3 12  1 14  2 10            	 0.28156 
 15  6  7  9 11  3 12  1 14  2 10  4         	 0.15777 
 15  6  7  9 11  3 12  1 14  2 10  4 13      	 0.065534 
 15  6  7  9 11  3 12  1 14  2 10  4 13  5   	 0.0017185 
 15  6  7  9 11  3 12  1 14  2 10  4 13  5  8	 Inf 

Stepwise Deletion:
 Model                                       	GCV Score
 15  6  7  9 11  3 12  1 14  2 10  4 13  5   	 0.0017185 
 15  6  7  9 11  3 12  1 14  2 10  4 13      	 0.065534 
 15  6  7  9 11  3 12  1 14  2 10  4         	 0.15777 
 15  6  7  9 11  3 12  1 14  2 10            	 0.28156 
 15  6  7  9 11  3 12  1 14  2               	 0.56078 
 15  6  7  9 11  3 12  1 14                  	 1.0408 
 15  6  7  9 11  3 12  1                     	 1.9179 
 15  6  7  9 11  3 12                        	 3.0939 
 15  6  7  9 11  3                           	 6.0086 
 15  6  7  9 11                              	 10.882 
 15  6  7  9                                 	 16.891 
 15  6  7                                    	 148.86 
 15  6                                       	 432.93 
 15                                          	 1239.8 

Final Model: 15 6 7 9 11 3 12 1 14 2 10 4 13 5


###### Calculating Sensitivity Indices #####

###### Calculating CDF Estimate  ######


####### Output = V19 #######

#### surface = rs.reg ####

Estimated Model Summary: 
Model: V19 = f(V17, V8, V9, V11, V5, V13, V4, V16, V3, V14, V7, V12, V6, V15)
Rsq = 0.9999998
dfmod = 42

Input	S.hat 	S.cum 	T.hat 	95% T CI 	p-val
V17	0.872 	0.872 	0.881 	(NA, NA)	NA 	
V8	0.075 	0.948 	0.086 	(NA, NA)	NA 	
V9	0.031 	0.978 	0.033 	(NA, NA)	NA 	
V11	0.007 	0.985 	0.012 	(NA, NA)	NA 	
V5	0.009 	0.995 	0.008 	(NA, NA)	NA 	
V13	0.000 	0.995 	0.003 	(NA, NA)	NA 	
V4	0.005 	1.000 	0.003 	(NA, NA)	NA 	
V16	0.000 	1.000 	0.003 	(NA, NA)	NA 	
V3	0.000 	1.000 	0.002 	(NA, NA)	NA 	
V14	0.000 	1.000 	0.001 	(NA, NA)	NA 	
V7	0.000 	1.000 	0.000 	(NA, NA)	NA 	
V12	0.000 	1.000 	0.000 	(NA, NA)	NA 	
V6	0.000 	1.000 	0.000 	(NA, NA)	NA 	
V15	0.000 	1.000 	0.000 	(NA, NA)	NA 	

