

############################################### 
           Output = V19 
###############################################

###### Fitting Model #####

surface = reg 
Stepwise Addition:
 Model                                       	GCV Score
 15                                          	 697.13 
 15  6                                       	 209.95 
 15  6  7                                    	 104.65 
 15  6  7  9                                 	 8.7085 
 15  6  7  9 14                              	 5.8708 
 15  6  7  9 14  3                           	 3.303 
 15  6  7  9 14  3 12                        	 1.0881 
 15  6  7  9 14  3 12  5                     	 0.50634 
 15  6  7  9 14  3 12  5 10                  	 0.34062 
 15  6  7  9 14  3 12  5 10 11               	 0.18269 
 15  6  7  9 14  3 12  5 10 11  1            	 0.081231 
 15  6  7  9 14  3 12  5 10 11  1  2         	 0.045668 
 15  6  7  9 14  3 12  5 10 11  1  2  4      	 0.011181 
 15  6  7  9 14  3 12  5 10 11  1  2  4 13   	 0.0025993 
 15  6  7  9 14  3 12  5 10 11  1  2  4 13  8	 2.3597e-15 

Stepwise Deletion:
 Model                                       	GCV Score
 15  6  7  9 14  3 12  5 10 11  1  2  4 13   	 0.0025993 
 15  6  7  9 14  3 12  5 10 11  1  2  4      	 0.011181 
 15  6  7  9 14  3 12  5 10 11  1  2         	 0.045668 
 15  6  7  9 14  3 12  5 10 11  1            	 0.081231 
 15  6  7  9 14  3 12  5 10 11               	 0.18269 
 15  6  7  9 14  3 12  5 10                  	 0.34062 
 15  6  7  9 14  3 12  5                     	 0.50634 
 15  6  7  9 14  3 12                        	 1.0881 
 15  6  7  9 14  3                           	 3.303 
 15  6  7  9 14                              	 5.8708 
 15  6  7  9                                 	 8.7085 
 15  6  7                                    	 104.65 
 15  6                                       	 209.95 
 15                                          	 697.13 

Final Model: 15 6 7 9 14 3 12 5 10 11 1 2 4 13 8


####### Output = V19 #######

#### surface = reg ####

Estimated Model Summary: 
Model: V19 = f(V17, V8, V9, V11, V16, V5, V14, V7, V12, V13, V3, V4, V6, V15, V10)
Rsq = 1
dfmod = 16

Input	Rsq 	src 	pcc^2 	95% pcc^2 CI	p-val
V17	0.930 	0.963 	0.768 	(0.759, 0.775)	0.000 	
V8	0.979 	0.221 	0.012 	(0.008, 0.017)	0.000 	
V9	0.990 	-0.103 	0.001 	(0.000, 0.003)	0.000 	
V11	0.999 	0.097 	0.004 	(0.002, 0.006)	0.000 	
V16	0.999 	-0.017 	0.000 	(0.000, 0.000)	0.000 	
V5	1.000 	0.016 	0.001 	(0.000, 0.002)	0.000 	
V14	1.000 	0.015 	0.000 	(0.000, 0.001)	0.000 	
V7	1.000 	-0.008 	0.000 	(0.000, 0.000)	0.000 	
V12	1.000 	-0.004 	0.000 	(0.000, 0.001)	0.000 	
V13	1.000 	-0.004 	0.000 	(0.000, 0.001)	0.000 	
V3	1.000 	-0.003 	0.000 	(0.000, 0.001)	0.000 	
V4	1.000 	0.002 	0.000 	(0.000, 0.000)	0.000 	
V6	1.000 	0.002 	0.000 	(0.000, 0.001)	0.000 	
V15	1.000 	0.001 	0.000 	(0.000, 0.001)	0.000 	
V10	1.000 	0.001 	0.000 	(0.000, 0.001)	0.000 	

