

############################################### 
           Output = V19 
###############################################

###### Fitting Model #####

###### Calculating Meta-Model Estimate  ######

surface = rs.reg 
Stepwise Addition:
 Model                                       	GCV Score
 15                                          	 697.1 
 15  6                                       	 209.99 
 15  6  7                                    	 104.69 
 15  6  7  9                                 	 8.7048 
 15  6  7  9 14                              	 5.8716 
 15  6  7  9 14  3                           	 3.304 
 15  6  7  9 14  3 12                        	 1.0901 
 15  6  7  9 14  3 12  5                     	 0.50721 
 15  6  7  9 14  3 12  5 10                  	 0.34111 
 15  6  7  9 14  3 12  5 10 11               	 0.18294 
 15  6  7  9 14  3 12  5 10 11  1            	 0.081351 
 15  6  7  9 14  3 12  5 10 11  1  2         	 0.045736 
 15  6  7  9 14  3 12  5 10 11  1  2  4      	 0.011209 
 15  6  7  9 14  3 12  5 10 11  1  2  4 13   	 0.0026059 
 15  6  7  9 14  3 12  5 10 11  1  2  4 13  8	 Inf 

Stepwise Deletion:
 Model                                       	GCV Score
 15  6  7  9 14  3 12  5 10 11  1  2  4 13   	 0.0026059 
 15  6  7  9 14  3 12  5 10 11  1  2  4      	 0.011209 
 15  6  7  9 14  3 12  5 10 11  1  2         	 0.045736 
 15  6  7  9 14  3 12  5 10 11  1            	 0.081351 
 15  6  7  9 14  3 12  5 10 11               	 0.18294 
 15  6  7  9 14  3 12  5 10                  	 0.34111 
 15  6  7  9 14  3 12  5                     	 0.50721 
 15  6  7  9 14  3 12                        	 1.0901 
 15  6  7  9 14  3                           	 3.304 
 15  6  7  9 14                              	 5.8716 
 15  6  7  9                                 	 8.7048 
 15  6  7                                    	 104.69 
 15  6                                       	 209.99 
 15                                          	 697.1 

Final Model: 15 6 7 9 14 3 12 5 10 11 1 2 4 13


###### Calculating Sensitivity Indices #####

###### Calculating CDF Estimate  ######


####### Output = V19 #######

#### surface = rs.reg ####

Estimated Model Summary: 
Model: V19 = f(V17, V8, V9, V4, V11, V13, V6, V14, V7, V15, V16, V5, V12, V3)
Rsq = 0.9999997
dfmod = 41

Input	S.hat 	S.cum 	T.hat 	95% T CI 	p-val
V17	0.924 	0.924 	0.923 	(NA, NA)	NA 	
V8	0.052 	0.976 	0.042 	(NA, NA)	NA 	
V9	0.012 	0.989 	0.011 	(NA, NA)	NA 	
V4	0.000 	0.989 	0.007 	(NA, NA)	NA 	
V11	0.003 	0.992 	0.005 	(NA, NA)	NA 	
V13	0.001 	0.993 	0.004 	(NA, NA)	NA 	
V6	0.006 	0.999 	0.004 	(NA, NA)	NA 	
V14	0.000 	0.999 	0.003 	(NA, NA)	NA 	
V7	0.000 	0.999 	0.001 	(NA, NA)	NA 	
V15	0.000 	0.999 	0.001 	(NA, NA)	NA 	
V16	0.000 	0.999 	0.001 	(NA, NA)	NA 	
V5	0.000 	0.999 	0.000 	(NA, NA)	NA 	
V12	0.001 	1.000 	0.000 	(NA, NA)	NA 	
V3	0.000 	1.000 	0.000 	(NA, NA)	NA 	

