

############################################### 
           Output = V19 
###############################################

###### Fitting Model #####

surface = reg 
Stepwise Addition:
 Model                                       	GCV Score
 15                                          	 909.73 
 15  6                                       	 189.35 
 15  6  9                                    	 76.862 
 15  6  9  7                                 	 6.9697 
 15  6  9  7 12                              	 3.8311 
 15  6  9  7 12 11                           	 2.347 
 15  6  9  7 12 11 14                        	 1.2396 
 15  6  9  7 12 11 14  5                     	 0.48222 
 15  6  9  7 12 11 14  5  1                  	 0.3023 
 15  6  9  7 12 11 14  5  1  2               	 0.16148 
 15  6  9  7 12 11 14  5  1  2 10            	 0.041309 
 15  6  9  7 12 11 14  5  1  2 10 13         	 0.01741 
 15  6  9  7 12 11 14  5  1  2 10 13  8      	 0.0021857 
 15  6  9  7 12 11 14  5  1  2 10 13  8  4   	 0.00016891 
 15  6  9  7 12 11 14  5  1  2 10 13  8  4  3	 3.9364e-15 

Stepwise Deletion:
 Model                                       	GCV Score
 15  6  9  7 12 11 14  5  1  2 10 13  8  4   	 0.00016891 
 15  6  9  7 12 11 14  5  1  2 10 13  8      	 0.0021857 
 15  6  9  7 12 11 14  5  1  2 10 13         	 0.01741 
 15  6  9  7 12 11 14  5  1  2 10            	 0.041309 
 15  6  9  7 12 11 14  5  1  2               	 0.16148 
 15  6  9  7 12 11 14  5  1                  	 0.3023 
 15  6  9  7 12 11 14  5                     	 0.48222 
 15  6  9  7 12 11 14                        	 1.2396 
 15  6  9  7 12 11                           	 2.347 
 15  6  9  7 12                              	 3.8311 
 15  6  9  7                                 	 6.9697 
 15  6  9                                    	 76.862 
 15  6                                       	 189.35 
 15                                          	 909.73 

Final Model: 15 6 9 7 12 11 14 5 1 2 10 13 8 4 3


####### Output = V19 #######

#### surface = reg ####

Estimated Model Summary: 
Model: V19 = f(V17, V8, V11, V9, V14, V13, V16, V7, V3, V4, V12, V15, V10, V6, V5)
Rsq = 1
dfmod = 16

Input	Rsq 	src 	pcc^2 	95% pcc^2 CI	p-val
V17	0.909 	0.955 	0.716 	(0.707, 0.726)	0.000 	
V8	0.981 	0.268 	0.020 	(0.015, 0.026)	0.000 	
V11	0.992 	0.106 	0.003 	(0.002, 0.006)	0.000 	
V9	0.999 	-0.083 	0.001 	(0.000, 0.003)	0.000 	
V14	1.000 	0.018 	0.000 	(0.000, 0.001)	0.000 	
V13	1.000 	-0.012 	0.000 	(0.000, 0.001)	0.000 	
V16	1.000 	-0.010 	0.000 	(0.000, 0.001)	0.000 	
V7	1.000 	-0.009 	0.000 	(0.000, 0.000)	0.000 	
V3	1.000 	-0.004 	0.000 	(0.000, 0.000)	0.000 	
V4	1.000 	0.004 	0.000 	(0.000, 0.000)	0.000 	
V12	1.000 	-0.003 	0.000 	(0.000, 0.001)	0.000 	
V15	1.000 	0.002 	0.000 	(0.000, 0.001)	0.000 	
V10	1.000 	0.001 	0.000 	(0.000, 0.000)	0.000 	
V6	1.000 	0.000 	0.000 	(0.000, 0.001)	0.000 	
V5	1.000 	0.000 	0.000 	(0.000, 0.001)	0.000 	

