

############################################### 
           Output = V19 
###############################################

###### Fitting Model #####

###### Calculating Meta-Model Estimate  ######

surface = rs.reg 
Stepwise Addition:
 Model                                       	GCV Score
 15                                          	 909.7 
 15  6                                       	 189.34 
 15  6  9                                    	 76.892 
 15  6  9  7                                 	 6.9721 
 15  6  9  7 12                              	 3.8331 
 15  6  9  7 12 11                           	 2.348 
 15  6  9  7 12 11 14                        	 1.2398 
 15  6  9  7 12 11 14  5                     	 0.48273 
 15  6  9  7 12 11 14  5  1                  	 0.30227 
 15  6  9  7 12 11 14  5  1  2               	 0.16159 
 15  6  9  7 12 11 14  5  1  2 10            	 0.041399 
 15  6  9  7 12 11 14  5  1  2 10 13         	 0.017461 
 15  6  9  7 12 11 14  5  1  2 10 13  8      	 0.0021891 
 15  6  9  7 12 11 14  5  1  2 10 13  8  4   	 0.0001693 
 15  6  9  7 12 11 14  5  1  2 10 13  8  4  3	 Inf 

Stepwise Deletion:
 Model                                       	GCV Score
 15  6  9  7 12 11 14  5  1  2 10 13  8  4   	 0.0001693 
 15  6  9  7 12 11 14  5  1  2 10 13  8      	 0.0021891 
 15  6  9  7 12 11 14  5  1  2 10 13         	 0.017461 
 15  6  9  7 12 11 14  5  1  2 10            	 0.041399 
 15  6  9  7 12 11 14  5  1  2               	 0.16159 
 15  6  9  7 12 11 14  5  1                  	 0.30227 
 15  6  9  7 12 11 14  5                     	 0.48273 
 15  6  9  7 12 11 14                        	 1.2398 
 15  6  9  7 12 11                           	 2.348 
 15  6  9  7 12                              	 3.8331 
 15  6  9  7                                 	 6.9721 
 15  6  9                                    	 76.892 
 15  6                                       	 189.34 
 15                                          	 909.7 

Final Model: 15 6 9 7 12 11 14 5 1 2 10 13 8 4


###### Calculating Sensitivity Indices #####

###### Calculating CDF Estimate  ######


####### Output = V19 #######

#### surface = rs.reg ####

Estimated Model Summary: 
Model: V19 = f(V17, V8, V6, V11, V9, V4, V16, V15, V13, V14, V7, V3, V12, V10)
Rsq = 1
dfmod = 45

Input	S.hat 	S.cum 	T.hat 	95% T CI 	p-val
V17	0.905 	0.905 	0.906 	(NA, NA)	NA 	
V8	0.076 	0.981 	0.068 	(NA, NA)	NA 	
V6	0.000 	0.981 	0.012 	(NA, NA)	NA 	
V11	0.003 	0.984 	0.010 	(NA, NA)	NA 	
V9	0.008 	0.992 	0.009 	(NA, NA)	NA 	
V4	0.000 	0.992 	0.005 	(NA, NA)	NA 	
V16	0.008 	1.000 	0.004 	(NA, NA)	NA 	
V15	0.000 	1.000 	0.003 	(NA, NA)	NA 	
V13	0.000 	1.000 	0.001 	(NA, NA)	NA 	
V14	0.000 	1.000 	0.000 	(NA, NA)	NA 	
V7	0.000 	1.000 	0.000 	(NA, NA)	NA 	
V3	0.000 	1.000 	0.000 	(NA, NA)	NA 	
V12	0.000 	1.000 	0.000 	(NA, NA)	NA 	
V10	0.000 	1.000 	0.000 	(NA, NA)	NA 	

