

############################################### 
           Output = V19 
###############################################

###### Fitting Model #####

surface = reg 
Stepwise Addition:
 Model                                       	GCV Score
 15                                          	 2130.6 
 15  6                                       	 348.21 
 15  6  9                                    	 119.75 
 15  6  9 12                                 	 55.981 
 15  6  9 12  7                              	 6.9275 
 15  6  9 12  7  4                           	 4.1005 
 15  6  9 12  7  4 11                        	 1.4306 
 15  6  9 12  7  4 11  5                     	 0.90341 
 15  6  9 12  7  4 11  5 14                  	 0.54858 
 15  6  9 12  7  4 11  5 14  1               	 0.20495 
 15  6  9 12  7  4 11  5 14  1  2            	 0.11608 
 15  6  9 12  7  4 11  5 14  1  2 10         	 0.057427 
 15  6  9 12  7  4 11  5 14  1  2 10 13      	 0.0011585 
 15  6  9 12  7  4 11  5 14  1  2 10 13  8   	 0.00013574 
 15  6  9 12  7  4 11  5 14  1  2 10 13  8  3	 3.2923e-15 

Stepwise Deletion:
 Model                                       	GCV Score
 15  6  9 12  7  4 11  5 14  1  2 10 13  8   	 0.00013574 
 15  6  9 12  7  4 11  5 14  1  2 10 13      	 0.0011585 
 15  6  9 12  7  4 11  5 14  1  2 10         	 0.057427 
 15  6  9 12  7  4 11  5 14  1  2            	 0.11608 
 15  6  9 12  7  4 11  5 14  1               	 0.20495 
 15  6  9 12  7  4 11  5 14                  	 0.54858 
 15  6  9 12  7  4 11  5                     	 0.90341 
 15  6  9 12  7  4 11                        	 1.4306 
 15  6  9 12  7  4                           	 4.1005 
 15  6  9 12  7                              	 6.9275 
 15  6  9 12                                 	 55.981 
 15  6  9                                    	 119.75 
 15  6                                       	 348.21 
 15                                          	 2130.6 

Final Model: 15 6 9 12 7 4 11 5 14 1 2 10 13 8 3


####### Output = V19 #######

#### surface = reg ####

Estimated Model Summary: 
Model: V19 = f(V17, V8, V11, V14, V9, V6, V13, V7, V16, V3, V4, V12, V15, V10, V5)
Rsq = 1
dfmod = 16

Input	Rsq 	src 	pcc^2 	95% pcc^2 CI	p-val
V17	0.787 	0.893 	0.483 	(0.469, 0.497)	0.000 	
V8	0.965 	0.423 	0.055 	(0.047, 0.064)	0.000 	
V11	0.988 	0.149 	0.005 	(0.002, 0.008)	0.000 	
V14	0.994 	0.080 	0.002 	(0.001, 0.005)	0.000 	
V9	0.999 	-0.070 	0.001 	(0.000, 0.002)	0.000 	
V6	1.000 	0.017 	0.000 	(0.000, 0.002)	0.000 	
V13	1.000 	-0.016 	0.000 	(0.000, 0.002)	0.000 	
V7	1.000 	-0.007 	0.000 	(0.000, 0.001)	0.000 	
V16	1.000 	-0.006 	0.000 	(0.000, 0.000)	0.000 	
V3	1.000 	-0.006 	0.000 	(0.000, 0.001)	0.000 	
V4	1.000 	-0.003 	0.000 	(0.000, 0.001)	0.000 	
V12	1.000 	-0.002 	0.000 	(0.000, 0.001)	0.000 	
V15	1.000 	0.002 	0.000 	(0.000, 0.000)	0.000 	
V10	1.000 	0.000 	0.000 	(0.000, 0.001)	0.000 	
V5	1.000 	0.000 	0.000 	(0.000, 0.001)	0.000 	

