

############################################### 
           Output = V19 
###############################################

###### Fitting Model #####

###### Calculating Meta-Model Estimate  ######

surface = rs.reg 
Stepwise Addition:
 Model                                       	GCV Score
 15                                          	 2130.6 
 15  6                                       	 348.22 
 15  6  9                                    	 119.78 
 15  6  9 12                                 	 55.968 
 15  6  9 12  7                              	 6.932 
 15  6  9 12  7  4                           	 4.1033 
 15  6  9 12  7  4 11                        	 1.4305 
 15  6  9 12  7  4 11  5                     	 0.90278 
 15  6  9 12  7  4 11  5 14                  	 0.54911 
 15  6  9 12  7  4 11  5 14  1               	 0.20522 
 15  6  9 12  7  4 11  5 14  1  2            	 0.11623 
 15  6  9 12  7  4 11  5 14  1  2 10         	 0.057522 
 15  6  9 12  7  4 11  5 14  1  2 10 13      	 0.0011598 
 15  6  9 12  7  4 11  5 14  1  2 10 13  8   	 0.00013603 
 15  6  9 12  7  4 11  5 14  1  2 10 13  8  3	 Inf 

Stepwise Deletion:
 Model                                       	GCV Score
 15  6  9 12  7  4 11  5 14  1  2 10 13  8   	 0.00013603 
 15  6  9 12  7  4 11  5 14  1  2 10 13      	 0.0011598 
 15  6  9 12  7  4 11  5 14  1  2 10         	 0.057522 
 15  6  9 12  7  4 11  5 14  1  2            	 0.11623 
 15  6  9 12  7  4 11  5 14  1               	 0.20522 
 15  6  9 12  7  4 11  5 14                  	 0.54911 
 15  6  9 12  7  4 11  5                     	 0.90278 
 15  6  9 12  7  4 11                        	 1.4305 
 15  6  9 12  7  4                           	 4.1033 
 15  6  9 12  7                              	 6.932 
 15  6  9 12                                 	 55.968 
 15  6  9                                    	 119.78 
 15  6                                       	 348.22 
 15                                          	 2130.6 

Final Model: 15 6 9 12 7 4 11 5 14 1 2 10 13 8


###### Calculating Sensitivity Indices #####

###### Calculating CDF Estimate  ######


####### Output = V19 #######

#### surface = rs.reg ####

Estimated Model Summary: 
Model: V19 = f(V17, V8, V11, V9, V4, V7, V3, V14, V15, V6, V13, V16, V12, V10)
Rsq = 1
dfmod = 42

Input	S.hat 	S.cum 	T.hat 	95% T CI 	p-val
V17	0.789 	0.789 	0.795 	(NA, NA)	NA 	
V8	0.178 	0.967 	0.180 	(NA, NA)	NA 	
V11	0.026 	0.993 	0.018 	(NA, NA)	NA 	
V9	0.000 	0.993 	0.011 	(NA, NA)	NA 	
V4	0.000 	0.993 	0.009 	(NA, NA)	NA 	
V7	0.000 	0.993 	0.008 	(NA, NA)	NA 	
V3	0.000 	0.993 	0.006 	(NA, NA)	NA 	
V14	0.002 	0.995 	0.005 	(NA, NA)	NA 	
V15	0.005 	1.000 	0.002 	(NA, NA)	NA 	
V6	0.000 	1.000 	0.000 	(NA, NA)	NA 	
V13	0.000 	1.000 	0.000 	(NA, NA)	NA 	
V16	0.000 	1.000 	0.000 	(NA, NA)	NA 	
V12	0.000 	1.000 	0.000 	(NA, NA)	NA 	
V10	0.000 	1.000 	0.000 	(NA, NA)	NA 	

