

############################################### 
           Output = V19 
###############################################

###### Fitting Model #####

surface = reg 
Stepwise Addition:
 Model                                       	GCV Score
 15                                          	 1444.6 
 15  6                                       	 316.73 
 15  6  9                                    	 145.97 
 15  6  9  7                                 	 75.666 
 15  6  9  7 12                              	 45.528 
 15  6  9  7 12 11                           	 20.105 
 15  6  9  7 12 11  3                        	 4.8865 
 15  6  9  7 12 11  3 14                     	 0.92287 
 15  6  9  7 12 11  3 14  5                  	 0.50802 
 15  6  9  7 12 11  3 14  5  8               	 0.2829 
 15  6  9  7 12 11  3 14  5  8 13            	 0.19563 
 15  6  9  7 12 11  3 14  5  8 13  4         	 0.13105 
 15  6  9  7 12 11  3 14  5  8 13  4 10      	 0.066451 
 15  6  9  7 12 11  3 14  5  8 13  4 10  2   	 0.028486 
 15  6  9  7 12 11  3 14  5  8 13  4 10  2  1	 3.7261e-15 

Stepwise Deletion:
 Model                                       	GCV Score
 15  6  9  7 12 11  3 14  5  8 13  4 10  2   	 0.028486 
 15  6  9  7 12 11  3 14  5  8 13  4 10      	 0.066451 
 15  6  9  7 12 11  3 14  5  8 13  4         	 0.13105 
 15  6  9  7 12 11  3 14  5  8 13            	 0.19563 
 15  6  9  7 12 11  3 14  5  8               	 0.2829 
 15  6  9  7 12 11  3 14  5                  	 0.50802 
 15  6  9  7 12 11  3 14                     	 0.92287 
 15  6  9  7 12 11  3                        	 4.8865 
 15  6  9  7 12 11                           	 20.105 
 15  6  9  7 12                              	 45.528 
 15  6  9  7                                 	 75.666 
 15  6  9                                    	 145.97 
 15  6                                       	 316.73 
 15                                          	 1444.6 

Final Model: 15 6 9 7 12 11 3 14 5 8 13 4 10 2 1


####### Output = V19 #######

#### surface = reg ####

Estimated Model Summary: 
Model: V19 = f(V17, V8, V11, V9, V14, V13, V5, V16, V7, V10, V15, V6, V12, V4, V3)
Rsq = 1
dfmod = 16

Input	Rsq 	src 	pcc^2 	95% pcc^2 CI	p-val
V17	0.856 	0.929 	0.594 	(0.581, 0.606)	0.000 	
V8	0.968 	0.338 	0.033 	(0.026, 0.040)	0.000 	
V11	0.985 	0.129 	0.006 	(0.003, 0.009)	0.000 	
V9	0.992 	-0.085 	0.002 	(0.001, 0.004)	0.000 	
V14	0.996 	0.055 	0.002 	(0.001, 0.004)	0.000 	
V13	0.998 	-0.050 	0.000 	(0.000, 0.001)	0.000 	
V5	1.000 	0.039 	0.000 	(0.000, 0.002)	0.000 	
V16	1.000 	-0.020 	0.000 	(0.000, 0.001)	0.000 	
V7	1.000 	-0.006 	0.000 	(0.000, 0.001)	0.000 	
V10	1.000 	-0.005 	0.000 	(0.000, 0.001)	0.000 	
V15	1.000 	0.003 	0.000 	(0.000, 0.001)	0.000 	
V6	1.000 	0.003 	0.000 	(0.000, 0.001)	0.000 	
V12	1.000 	-0.003 	0.000 	(0.000, 0.001)	0.000 	
V4	1.000 	0.002 	0.000 	(0.000, 0.001)	0.000 	
V3	1.000 	-0.002 	0.000 	(0.000, 0.001)	0.000 	

