

############################################### 
           Output = V19 
###############################################

###### Fitting Model #####

###### Calculating Meta-Model Estimate  ######

surface = rs.reg 
Stepwise Addition:
 Model                                       	GCV Score
 15                                          	 1444.6 
 15  6                                       	 316.73 
 15  6  9                                    	 145.97 
 15  6  9  7                                 	 75.682 
 15  6  9  7 12                              	 45.554 
 15  6  9  7 12 11                           	 20.104 
 15  6  9  7 12 11  3                        	 4.8906 
 15  6  9  7 12 11  3 14                     	 0.92388 
 15  6  9  7 12 11  3 14  5                  	 0.50852 
 15  6  9  7 12 11  3 14  5  8               	 0.28319 
 15  6  9  7 12 11  3 14  5  8 13            	 0.19576 
 15  6  9  7 12 11  3 14  5  8 13  4         	 0.13119 
 15  6  9  7 12 11  3 14  5  8 13  4 10      	 0.066565 
 15  6  9  7 12 11  3 14  5  8 13  4 10  2   	 0.028511 
 15  6  9  7 12 11  3 14  5  8 13  4 10  2  1	 Inf 

Stepwise Deletion:
 Model                                       	GCV Score
 15  6  9  7 12 11  3 14  5  8 13  4 10  2   	 0.028511 
 15  6  9  7 12 11  3 14  5  8 13  4 10      	 0.066565 
 15  6  9  7 12 11  3 14  5  8 13  4         	 0.13119 
 15  6  9  7 12 11  3 14  5  8 13            	 0.19576 
 15  6  9  7 12 11  3 14  5  8               	 0.28319 
 15  6  9  7 12 11  3 14  5                  	 0.50852 
 15  6  9  7 12 11  3 14                     	 0.92388 
 15  6  9  7 12 11  3                        	 4.8906 
 15  6  9  7 12 11                           	 20.104 
 15  6  9  7 12                              	 45.554 
 15  6  9  7                                 	 75.682 
 15  6  9                                    	 145.97 
 15  6                                       	 316.73 
 15                                          	 1444.6 

Final Model: 15 6 9 7 12 11 3 14 5 8 13 4 10 2


###### Calculating Sensitivity Indices #####

###### Calculating CDF Estimate  ######


####### Output = V19 #######

#### surface = rs.reg ####

Estimated Model Summary: 
Model: V19 = f(V17, V8, V11, V9, V7, V10, V16, V4, V14, V15, V13, V5, V6, V12)
Rsq = 0.9999972
dfmod = 40

Input	S.hat 	S.cum 	T.hat 	95% T CI 	p-val
V17	0.845 	0.845 	0.848 	(NA, NA)	NA 	
V8	0.114 	0.959 	0.119 	(NA, NA)	NA 	
V11	0.034 	0.993 	0.015 	(NA, NA)	NA 	
V9	0.000 	0.993 	0.009 	(NA, NA)	NA 	
V7	0.000 	0.993 	0.005 	(NA, NA)	NA 	
V10	0.000 	0.993 	0.004 	(NA, NA)	NA 	
V16	0.000 	0.993 	0.002 	(NA, NA)	NA 	
V4	0.000 	0.993 	0.001 	(NA, NA)	NA 	
V14	0.000 	0.993 	0.001 	(NA, NA)	NA 	
V15	0.000 	0.993 	0.001 	(NA, NA)	NA 	
V13	0.000 	0.993 	0.000 	(NA, NA)	NA 	
V5	0.007 	1.000 	0.000 	(NA, NA)	NA 	
V6	0.000 	1.000 	0.000 	(NA, NA)	NA 	
V12	0.000 	1.000 	0.000 	(NA, NA)	NA 	

