

############################################### 
           Output = V19 
###############################################

###### Fitting Model #####

surface = reg 
Stepwise Addition:
 Model                                       	GCV Score
 15                                          	 5245.5 
 15  6                                       	 1787.7 
 15  6 12                                    	 595.97 
 15  6 12  9                                 	 295.93 
 15  6 12  9 11                              	 192.7 
 15  6 12  9 11  1                           	 112.34 
 15  6 12  9 11  1 14                        	 40.642 
 15  6 12  9 11  1 14  4                     	 16.777 
 15  6 12  9 11  1 14  4  2                  	 7.143 
 15  6 12  9 11  1 14  4  2  7               	 2.9089 
 15  6 12  9 11  1 14  4  2  7  5            	 0.83401 
 15  6 12  9 11  1 14  4  2  7  5  8         	 0.1573 
 15  6 12  9 11  1 14  4  2  7  5  8 13      	 0.011483 
 15  6 12  9 11  1 14  4  2  7  5  8 13 10   	 0.00019909 
 15  6 12  9 11  1 14  4  2  7  5  8 13 10  3	 7.3163e-14 

Stepwise Deletion:
 Model                                       	GCV Score
 15  6 12  9 11  1 14  4  2  7  5  8 13 10   	 0.00019909 
 15  6 12  9 11  1 14  4  2  7  5  8 13      	 0.011483 
 15  6 12  9 11  1 14  4  2  7  5  8         	 0.1573 
 15  6 12  9 11  1 14  4  2  7  5            	 0.83401 
 15  6 12  9 11  1 14  4  2  7               	 2.9089 
 15  6 12  9 11  1 14  4  2                  	 7.143 
 15  6 12  9 11  1 14  4                     	 16.777 
 15  6 12  9 11  1 14                        	 40.642 
 15  6 12  9 11  1                           	 112.34 
 15  6 12  9 11                              	 192.7 
 15  6 12  9                                 	 295.93 
 15  6 12                                    	 595.97 
 15  6                                       	 1787.7 
 15                                          	 5245.5 

Final Model: 15 6 12 9 11 1 14 4 2 7 5 8 13 10 3


####### Output = V19 #######

#### surface = reg ####

Estimated Model Summary: 
Model: V19 = f(V17, V8, V14, V11, V13, V3, V16, V6, V4, V9, V7, V10, V15, V12, V5)
Rsq = 1
dfmod = 16

Input	Rsq 	src 	pcc^2 	95% pcc^2 CI	p-val
V17	0.476 	0.705 	0.200 	(0.186, 0.214)	0.000 	
V8	0.821 	0.585 	0.112 	(0.101, 0.124)	0.000 	
V14	0.940 	0.343 	0.031 	(0.025, 0.038)	0.000 	
V11	0.970 	0.174 	0.008 	(0.005, 0.012)	0.000 	
V13	0.981 	-0.102 	0.004 	(0.002, 0.006)	0.000 	
V3	0.989 	-0.089 	0.001 	(0.000, 0.003)	0.000 	
V16	0.996 	-0.086 	0.000 	(0.000, 0.002)	0.000 	
V6	0.998 	0.049 	0.000 	(0.000, 0.001)	0.000 	
V4	0.999 	-0.031 	0.001 	(0.000, 0.002)	0.000 	
V9	1.000 	-0.021 	0.000 	(0.000, 0.001)	0.000 	
V7	1.000 	-0.014 	0.000 	(0.000, 0.001)	0.000 	
V10	1.000 	0.008 	0.000 	(0.000, 0.001)	0.000 	
V15	1.000 	0.004 	0.000 	(0.000, 0.002)	0.000 	
V12	1.000 	-0.001 	0.000 	(0.000, 0.000)	0.000 	
V5	1.000 	0.000 	0.000 	(0.000, 0.001)	0.000 	

