

############################################### 
           Output = V19 
###############################################

###### Fitting Model #####

###### Calculating Meta-Model Estimate  ######

surface = rs.reg 
Stepwise Addition:
 Model                                       	GCV Score
 15                                          	 5245.4 
 15  6                                       	 1785.8 
 15  6 12                                    	 595.81 
 15  6 12  9                                 	 295.95 
 15  6 12  9 11                              	 192.68 
 15  6 12  9 11  1                           	 112.37 
 15  6 12  9 11  1 14                        	 40.659 
 15  6 12  9 11  1 14  4                     	 16.765 
 15  6 12  9 11  1 14  4  2                  	 7.1411 
 15  6 12  9 11  1 14  4  2  7               	 2.9118 
 15  6 12  9 11  1 14  4  2  7  5            	 0.8355 
 15  6 12  9 11  1 14  4  2  7  5  8         	 0.15764 
 15  6 12  9 11  1 14  4  2  7  5  8 13      	 0.011518 
 15  6 12  9 11  1 14  4  2  7  5  8 13 10   	 0.00019925 
 15  6 12  9 11  1 14  4  2  7  5  8 13 10  3	 Inf 

Stepwise Deletion:
 Model                                       	GCV Score
 15  6 12  9 11  1 14  4  2  7  5  8 13 10   	 0.00019925 
 15  6 12  9 11  1 14  4  2  7  5  8 13      	 0.011518 
 15  6 12  9 11  1 14  4  2  7  5  8         	 0.15764 
 15  6 12  9 11  1 14  4  2  7  5            	 0.8355 
 15  6 12  9 11  1 14  4  2  7               	 2.9118 
 15  6 12  9 11  1 14  4  2                  	 7.1411 
 15  6 12  9 11  1 14  4                     	 16.765 
 15  6 12  9 11  1 14                        	 40.659 
 15  6 12  9 11  1                           	 112.37 
 15  6 12  9 11                              	 192.68 
 15  6 12  9                                 	 295.95 
 15  6 12                                    	 595.81 
 15  6                                       	 1785.8 
 15                                          	 5245.4 

Final Model: 15 6 12 9 11 1 14 4 2 7 5 8 13 10


###### Calculating Sensitivity Indices #####

###### Calculating CDF Estimate  ######


####### Output = V19 #######

#### surface = rs.reg ####

Estimated Model Summary: 
Model: V19 = f(V17, V8, V14, V11, V13, V16, V9, V15, V3, V4, V10, V6, V7, V12)
Rsq = 1
dfmod = 44

Input	S.hat 	S.cum 	T.hat 	95% T CI 	p-val
V17	0.485 	0.485 	0.487 	(NA, NA)	NA 	
V8	0.339 	0.824 	0.339 	(NA, NA)	NA 	
V14	0.112 	0.936 	0.111 	(NA, NA)	NA 	
V11	0.035 	0.972 	0.030 	(NA, NA)	NA 	
V13	0.008 	0.980 	0.026 	(NA, NA)	NA 	
V16	0.008 	0.988 	0.010 	(NA, NA)	NA 	
V9	0.004 	0.992 	0.007 	(NA, NA)	NA 	
V15	0.000 	0.992 	0.005 	(NA, NA)	NA 	
V3	0.000 	0.992 	0.003 	(NA, NA)	NA 	
V4	0.003 	0.995 	0.002 	(NA, NA)	NA 	
V10	0.000 	0.996 	0.000 	(NA, NA)	NA 	
V6	0.000 	0.996 	0.000 	(NA, NA)	NA 	
V7	0.004 	1.000 	0.000 	(NA, NA)	NA 	
V12	0.000 	1.000 	0.000 	(NA, NA)	NA 	

