

############################################### 
           Output = V19 
###############################################

###### Fitting Model #####

surface = reg 
Stepwise Addition:
 Model                                       	GCV Score
 15                                          	 2853.8 
 15  6                                       	 433.49 
 15  6  9                                    	 179.29 
 15  6  9 12                                 	 54.722 
 15  6  9 12  7                              	 25.387 
 15  6  9 12  7 11                           	 12.574 
 15  6  9 12  7 11  1                        	 7.4956 
 15  6  9 12  7 11  1  2                     	 4.2735 
 15  6  9 12  7 11  1  2  4                  	 1.6085 
 15  6  9 12  7 11  1  2  4  5               	 0.68167 
 15  6  9 12  7 11  1  2  4  5 14            	 0.12511 
 15  6  9 12  7 11  1  2  4  5 14 10         	 0.053729 
 15  6  9 12  7 11  1  2  4  5 14 10 13      	 0.0025085 
 15  6  9 12  7 11  1  2  4  5 14 10 13  8   	 2.5989e-06 
 15  6  9 12  7 11  1  2  4  5 14 10 13  8  3	 4.4795e-15 

Stepwise Deletion:
 Model                                       	GCV Score
 15  6  9 12  7 11  1  2  4  5 14 10 13  8   	 2.5989e-06 
 15  6  9 12  7 11  1  2  4  5 14 10 13      	 0.0025085 
 15  6  9 12  7 11  1  2  4  5 14 10         	 0.053729 
 15  6  9 12  7 11  1  2  4  5 14            	 0.12511 
 15  6  9 12  7 11  1  2  4  5               	 0.68167 
 15  6  9 12  7 11  1  2  4                  	 1.6085 
 15  6  9 12  7 11  1  2                     	 4.2735 
 15  6  9 12  7 11  1                        	 7.4956 
 15  6  9 12  7 11                           	 12.574 
 15  6  9 12  7                              	 25.387 
 15  6  9 12                                 	 54.722 
 15  6  9                                    	 179.29 
 15  6                                       	 433.49 
 15                                          	 2853.8 

Final Model: 15 6 9 12 7 11 1 2 4 5 14 10 13 8 3


####### Output = V19 #######

#### surface = reg ####

Estimated Model Summary: 
Model: V19 = f(V17, V8, V11, V14, V9, V13, V3, V4, V6, V7, V16, V12, V15, V10, V5)
Rsq = 1
dfmod = 16

Input	Rsq 	src 	pcc^2 	95% pcc^2 CI	p-val
V17	0.715 	0.851 	0.389 	(0.374, 0.403)	0.000 	
V8	0.957 	0.492 	0.075 	(0.065, 0.085)	0.000 	
V11	0.982 	0.159 	0.008 	(0.005, 0.011)	0.000 	
V14	0.994 	0.111 	0.002 	(0.001, 0.004)	0.000 	
V9	0.998 	-0.054 	0.001 	(0.000, 0.003)	0.000 	
V13	0.999 	-0.036 	0.001 	(0.000, 0.002)	0.000 	
V3	0.999 	-0.023 	0.000 	(0.000, 0.001)	0.000 	
V4	1.000 	-0.018 	0.000 	(0.000, 0.000)	0.000 	
V6	1.000 	0.016 	0.000 	(0.000, 0.000)	0.000 	
V7	1.000 	-0.010 	0.000 	(0.000, 0.001)	0.000 	
V16	1.000 	-0.007 	0.000 	(0.000, 0.001)	0.000 	
V12	1.000 	-0.003 	0.000 	(0.000, 0.001)	0.000 	
V15	1.000 	0.002 	0.000 	(0.000, 0.001)	0.000 	
V10	1.000 	0.000 	0.000 	(0.000, 0.001)	0.000 	
V5	1.000 	0.000 	0.000 	(0.000, 0.000)	0.000 	

