

############################################### 
           Output = V19 
###############################################

###### Fitting Model #####

###### Calculating Meta-Model Estimate  ######

surface = rs.reg 
Stepwise Addition:
 Model                                       	GCV Score
 15                                          	 2853.8 
 15  6                                       	 433.51 
 15  6  9                                    	 179.33 
 15  6  9 12                                 	 54.724 
 15  6  9 12  7                              	 25.382 
 15  6  9 12  7 11                           	 12.579 
 15  6  9 12  7 11  1                        	 7.4972 
 15  6  9 12  7 11  1  2                     	 4.2752 
 15  6  9 12  7 11  1  2  4                  	 1.6102 
 15  6  9 12  7 11  1  2  4  5               	 0.68257 
 15  6  9 12  7 11  1  2  4  5 14            	 0.12532 
 15  6  9 12  7 11  1  2  4  5 14 10         	 0.053864 
 15  6  9 12  7 11  1  2  4  5 14 10 13      	 0.0025153 
 15  6  9 12  7 11  1  2  4  5 14 10 13  8   	 2.6086e-06 
 15  6  9 12  7 11  1  2  4  5 14 10 13  8  3	 Inf 

Stepwise Deletion:
 Model                                       	GCV Score
 15  6  9 12  7 11  1  2  4  5 14 10 13  8   	 2.6086e-06 
 15  6  9 12  7 11  1  2  4  5 14 10 13      	 0.0025153 
 15  6  9 12  7 11  1  2  4  5 14 10         	 0.053864 
 15  6  9 12  7 11  1  2  4  5 14            	 0.12532 
 15  6  9 12  7 11  1  2  4  5               	 0.68257 
 15  6  9 12  7 11  1  2  4                  	 1.6102 
 15  6  9 12  7 11  1  2                     	 4.2752 
 15  6  9 12  7 11  1                        	 7.4972 
 15  6  9 12  7 11                           	 12.579 
 15  6  9 12  7                              	 25.382 
 15  6  9 12                                 	 54.724 
 15  6  9                                    	 179.33 
 15  6                                       	 433.51 
 15                                          	 2853.8 

Final Model: 15 6 9 12 7 11 1 2 4 5 14 10 13 8


###### Calculating Sensitivity Indices #####

###### Calculating CDF Estimate  ######


####### Output = V19 #######

#### surface = rs.reg ####

Estimated Model Summary: 
Model: V19 = f(V17, V8, V11, V14, V13, V16, V9, V6, V10, V7, V15, V3, V4, V12)
Rsq = 1
dfmod = 47

Input	S.hat 	S.cum 	T.hat 	95% T CI 	p-val
V17	0.707 	0.707 	0.713 	(NA, NA)	NA 	
V8	0.237 	0.944 	0.240 	(NA, NA)	NA 	
V11	0.031 	0.975 	0.026 	(NA, NA)	NA 	
V14	0.010 	0.984 	0.013 	(NA, NA)	NA 	
V13	0.007 	0.992 	0.009 	(NA, NA)	NA 	
V16	0.001 	0.993 	0.009 	(NA, NA)	NA 	
V9	0.003 	0.995 	0.004 	(NA, NA)	NA 	
V6	0.000 	0.995 	0.004 	(NA, NA)	NA 	
V10	0.000 	0.995 	0.003 	(NA, NA)	NA 	
V7	0.000 	0.995 	0.003 	(NA, NA)	NA 	
V15	0.005 	1.000 	0.003 	(NA, NA)	NA 	
V3	0.000 	1.000 	0.000 	(NA, NA)	NA 	
V4	0.000 	1.000 	0.000 	(NA, NA)	NA 	
V12	0.000 	1.000 	0.000 	(NA, NA)	NA 	

