

############################################### 
           Output = V19 
###############################################

###### Fitting Model #####

surface = reg 
Stepwise Addition:
 Model                                       	GCV Score
 15                                          	 961.27 
 15  6                                       	 291.33 
 15  6  9                                    	 70.031 
 15  6  9  7                                 	 20.187 
 15  6  9  7  3                              	 10.549 
 15  6  9  7  3 11                           	 4.1876 
 15  6  9  7  3 11 14                        	 1.691 
 15  6  9  7  3 11 14  5                     	 1.1557 
 15  6  9  7  3 11 14  5 10                  	 0.64205 
 15  6  9  7  3 11 14  5 10 13               	 0.27583 
 15  6  9  7  3 11 14  5 10 13  1            	 0.167 
 15  6  9  7  3 11 14  5 10 13  1  2         	 0.050123 
 15  6  9  7  3 11 14  5 10 13  1  2  4      	 0.016917 
 15  6  9  7  3 11 14  5 10 13  1  2  4 12   	 0.006449 
 15  6  9  7  3 11 14  5 10 13  1  2  4 12  8	 1.8854e-14 

Stepwise Deletion:
 Model                                       	GCV Score
 15  6  9  7  3 11 14  5 10 13  1  2  4 12   	 0.006449 
 15  6  9  7  3 11 14  5 10 13  1  2  4      	 0.016917 
 15  6  9  7  3 11 14  5 10 13  1  2         	 0.050123 
 15  6  9  7  3 11 14  5 10 13  1            	 0.167 
 15  6  9  7  3 11 14  5 10 13               	 0.27583 
 15  6  9  7  3 11 14  5 10                  	 0.64205 
 15  6  9  7  3 11 14  5                     	 1.1557 
 15  6  9  7  3 11 14                        	 1.691 
 15  6  9  7  3 11                           	 4.1876 
 15  6  9  7  3                              	 10.549 
 15  6  9  7                                 	 20.187 
 15  6  9                                    	 70.031 
 15  6                                       	 291.33 
 15                                          	 961.27 

Final Model: 15 6 9 7 3 11 14 5 10 13 1 2 4 12 8


####### Output = V19 #######

#### surface = reg ####

Estimated Model Summary: 
Model: V19 = f(V17, V8, V11, V9, V5, V13, V16, V7, V12, V15, V3, V4, V6, V14, V10)
Rsq = 1
dfmod = 16

Input	Rsq 	src 	pcc^2 	95% pcc^2 CI	p-val
V17	0.904 	0.950 	0.705 	(0.695, 0.714)	0.000 	
V8	0.971 	0.257 	0.019 	(0.014, 0.025)	0.000 	
V11	0.993 	0.150 	0.004 	(0.002, 0.007)	0.000 	
V9	0.998 	-0.070 	0.000 	(0.000, 0.002)	0.000 	
V5	0.999 	0.031 	0.000 	(0.000, 0.002)	0.000 	
V13	1.000 	-0.026 	0.000 	(0.000, 0.002)	0.000 	
V16	1.000 	-0.016 	0.000 	(0.000, 0.001)	0.000 	
V7	1.000 	-0.007 	0.000 	(0.000, 0.001)	0.000 	
V12	1.000 	-0.007 	0.000 	(0.000, 0.000)	0.000 	
V15	1.000 	0.006 	0.000 	(0.000, 0.001)	0.000 	
V3	1.000 	-0.003 	0.000 	(0.000, 0.001)	0.000 	
V4	1.000 	-0.003 	0.000 	(0.000, 0.001)	0.000 	
V6	1.000 	0.002 	0.000 	(0.000, 0.001)	0.000 	
V14	1.000 	-0.001 	0.000 	(0.000, 0.001)	0.000 	
V10	1.000 	-0.001 	0.000 	(0.000, 0.001)	0.000 	

