

############################################### 
           Output = V19 
###############################################

###### Fitting Model #####

###### Calculating Meta-Model Estimate  ######

surface = rs.reg 
Stepwise Addition:
 Model                                       	GCV Score
 15                                          	 961.24 
 15  6                                       	 291.36 
 15  6  9                                    	 69.984 
 15  6  9  7                                 	 20.19 
 15  6  9  7  3                              	 10.551 
 15  6  9  7  3 11                           	 4.1903 
 15  6  9  7  3 11 14                        	 1.691 
 15  6  9  7  3 11 14  5                     	 1.1559 
 15  6  9  7  3 11 14  5 10                  	 0.64293 
 15  6  9  7  3 11 14  5 10 13               	 0.27624 
 15  6  9  7  3 11 14  5 10 13  1            	 0.16739 
 15  6  9  7  3 11 14  5 10 13  1  2         	 0.050237 
 15  6  9  7  3 11 14  5 10 13  1  2  4      	 0.016964 
 15  6  9  7  3 11 14  5 10 13  1  2  4 12   	 0.0064658 
 15  6  9  7  3 11 14  5 10 13  1  2  4 12  8	 Inf 

Stepwise Deletion:
 Model                                       	GCV Score
 15  6  9  7  3 11 14  5 10 13  1  2  4 12   	 0.0064658 
 15  6  9  7  3 11 14  5 10 13  1  2  4      	 0.016964 
 15  6  9  7  3 11 14  5 10 13  1  2         	 0.050237 
 15  6  9  7  3 11 14  5 10 13  1            	 0.16739 
 15  6  9  7  3 11 14  5 10 13               	 0.27624 
 15  6  9  7  3 11 14  5 10                  	 0.64293 
 15  6  9  7  3 11 14  5                     	 1.1559 
 15  6  9  7  3 11 14                        	 1.691 
 15  6  9  7  3 11                           	 4.1903 
 15  6  9  7  3                              	 10.551 
 15  6  9  7                                 	 20.19 
 15  6  9                                    	 69.984 
 15  6                                       	 291.36 
 15                                          	 961.24 

Final Model: 15 6 9 7 3 11 14 5 10 13 1 2 4 12


###### Calculating Sensitivity Indices #####

###### Calculating CDF Estimate  ######


####### Output = V19 #######

#### surface = rs.reg ####

Estimated Model Summary: 
Model: V19 = f(V17, V8, V11, V9, V13, V5, V7, V16, V15, V12, V3, V4, V6, V14)
Rsq = 0.9999994
dfmod = 40

Input	S.hat 	S.cum 	T.hat 	95% T CI 	p-val
V17	0.902 	0.902 	0.906 	(NA, NA)	NA 	
V8	0.071 	0.973 	0.062 	(NA, NA)	NA 	
V11	0.016 	0.988 	0.028 	(NA, NA)	NA 	
V9	0.012 	1.000 	0.008 	(NA, NA)	NA 	
V13	0.000 	1.000 	0.006 	(NA, NA)	NA 	
V5	0.000 	1.000 	0.004 	(NA, NA)	NA 	
V7	0.000 	1.000 	0.003 	(NA, NA)	NA 	
V16	0.000 	1.000 	0.002 	(NA, NA)	NA 	
V15	0.000 	1.000 	0.002 	(NA, NA)	NA 	
V12	0.000 	1.000 	0.001 	(NA, NA)	NA 	
V3	0.000 	1.000 	0.000 	(NA, NA)	NA 	
V4	0.000 	1.000 	0.000 	(NA, NA)	NA 	
V6	0.000 	1.000 	0.000 	(NA, NA)	NA 	
V14	0.000 	1.000 	0.000 	(NA, NA)	NA 	

