

############################################### 
           Output = V19 
###############################################

###### Fitting Model #####

surface = reg 
Stepwise Addition:
 Model                                       	GCV Score
 15                                          	 3231.3 
 15  6                                       	 497.83 
 15  6  9                                    	 264.42 
 15  6  9 12                                 	 88.818 
 15  6  9 12  1                              	 51.186 
 15  6  9 12  1  7                           	 31.649 
 15  6  9 12  1  7 14                        	 20.35 
 15  6  9 12  1  7 14 11                     	 9.373 
 15  6  9 12  1  7 14 11  2                  	 5.3913 
 15  6  9 12  1  7 14 11  2  4               	 1.809 
 15  6  9 12  1  7 14 11  2  4  5            	 0.61093 
 15  6  9 12  1  7 14 11  2  4  5  8         	 0.11053 
 15  6  9 12  1  7 14 11  2  4  5  8 10      	 0.045219 
 15  6  9 12  1  7 14 11  2  4  5  8 10 13   	 0.0001333 
 15  6  9 12  1  7 14 11  2  4  5  8 10 13  3	 1.5819e-14 

Stepwise Deletion:
 Model                                       	GCV Score
 15  6  9 12  1  7 14 11  2  4  5  8 10 13   	 0.0001333 
 15  6  9 12  1  7 14 11  2  4  5  8 10      	 0.045219 
 15  6  9 12  1  7 14 11  2  4  5  8         	 0.11053 
 15  6  9 12  1  7 14 11  2  4  5            	 0.61093 
 15  6  9 12  1  7 14 11  2  4               	 1.809 
 15  6  9 12  1  7 14 11  2                  	 5.3913 
 15  6  9 12  1  7 14 11                     	 9.373 
 15  6  9 12  1  7 14                        	 20.35 
 15  6  9 12  1  7                           	 31.649 
 15  6  9 12  1                              	 51.186 
 15  6  9 12                                 	 88.818 
 15  6  9                                    	 264.42 
 15  6                                       	 497.83 
 15                                          	 3231.3 

Final Model: 15 6 9 12 1 7 14 11 2 4 5 8 10 13 3


####### Output = V19 #######

#### surface = reg ####

Estimated Model Summary: 
Model: V19 = f(V17, V8, V11, V14, V3, V9, V16, V13, V4, V6, V7, V10, V12, V15, V5)
Rsq = 1
dfmod = 16

Input	Rsq 	src 	pcc^2 	95% pcc^2 CI	p-val
V17	0.677 	0.829 	0.349 	(0.334, 0.364)	0.000 	
V8	0.950 	0.521 	0.085 	(0.075, 0.096)	0.000 	
V11	0.974 	0.153 	0.005 	(0.003, 0.009)	0.000 	
V14	0.991 	0.133 	0.004 	(0.002, 0.007)	0.000 	
V3	0.995 	-0.062 	0.003 	(0.001, 0.005)	0.000 	
V9	0.997 	-0.045 	0.000 	(0.000, 0.002)	0.000 	
V16	0.998 	-0.034 	0.000 	(0.000, 0.002)	0.000 	
V13	0.999 	-0.033 	0.001 	(0.000, 0.002)	0.000 	
V4	1.000 	-0.020 	0.000 	(0.000, 0.001)	0.000 	
V6	1.000 	0.019 	0.000 	(0.000, 0.001)	0.000 	
V7	1.000 	-0.011 	0.000 	(0.000, 0.000)	0.000 	
V10	1.000 	0.007 	0.000 	(0.000, 0.001)	0.000 	
V12	1.000 	-0.003 	0.000 	(0.000, 0.000)	0.000 	
V15	1.000 	0.002 	0.000 	(0.000, 0.001)	0.000 	
V5	1.000 	0.000 	0.000 	(0.000, 0.000)	0.000 	

