

############################################### 
           Output = V19 
###############################################

###### Fitting Model #####

###### Calculating Meta-Model Estimate  ######

surface = rs.reg 
Stepwise Addition:
 Model                                       	GCV Score
 15                                          	 3229.9 
 15  6                                       	 497.77 
 15  6  9                                    	 264.5 
 15  6  9 12                                 	 88.832 
 15  6  9 12  1                              	 51.205 
 15  6  9 12  1  7                           	 31.654 
 15  6  9 12  1  7 14                        	 20.355 
 15  6  9 12  1  7 14 11                     	 9.369 
 15  6  9 12  1  7 14 11  2                  	 5.3995 
 15  6  9 12  1  7 14 11  2  4               	 1.8108 
 15  6  9 12  1  7 14 11  2  4  5            	 0.6117 
 15  6  9 12  1  7 14 11  2  4  5  8         	 0.11071 
 15  6  9 12  1  7 14 11  2  4  5  8 10      	 0.045298 
 15  6  9 12  1  7 14 11  2  4  5  8 10 13   	 0.0001337 
 15  6  9 12  1  7 14 11  2  4  5  8 10 13  3	 Inf 

Stepwise Deletion:
 Model                                       	GCV Score
 15  6  9 12  1  7 14 11  2  4  5  8 10 13   	 0.0001337 
 15  6  9 12  1  7 14 11  2  4  5  8 10      	 0.045298 
 15  6  9 12  1  7 14 11  2  4  5  8         	 0.11071 
 15  6  9 12  1  7 14 11  2  4  5            	 0.6117 
 15  6  9 12  1  7 14 11  2  4               	 1.8108 
 15  6  9 12  1  7 14 11  2                  	 5.3995 
 15  6  9 12  1  7 14 11                     	 9.369 
 15  6  9 12  1  7 14                        	 20.355 
 15  6  9 12  1  7                           	 31.654 
 15  6  9 12  1                              	 51.205 
 15  6  9 12                                 	 88.832 
 15  6  9                                    	 264.5 
 15  6                                       	 497.77 
 15                                          	 3229.9 

Final Model: 15 6 9 12 1 7 14 11 2 4 5 8 10 13


###### Calculating Sensitivity Indices #####

###### Calculating CDF Estimate  ######


####### Output = V19 #######

#### surface = rs.reg ####

Estimated Model Summary: 
Model: V19 = f(V17, V8, V11, V14, V10, V4, V16, V3, V7, V15, V9, V13, V6, V12)
Rsq = 1
dfmod = 43

Input	S.hat 	S.cum 	T.hat 	95% T CI 	p-val
V17	0.684 	0.684 	0.675 	(NA, NA)	NA 	
V8	0.267 	0.951 	0.268 	(NA, NA)	NA 	
V11	0.016 	0.967 	0.018 	(NA, NA)	NA 	
V14	0.024 	0.991 	0.017 	(NA, NA)	NA 	
V10	0.000 	0.991 	0.008 	(NA, NA)	NA 	
V4	0.000 	0.991 	0.007 	(NA, NA)	NA 	
V16	0.000 	0.991 	0.007 	(NA, NA)	NA 	
V3	0.000 	0.991 	0.005 	(NA, NA)	NA 	
V7	0.008 	0.999 	0.004 	(NA, NA)	NA 	
V15	0.000 	0.999 	0.004 	(NA, NA)	NA 	
V9	0.000 	0.999 	0.001 	(NA, NA)	NA 	
V13	0.001 	1.000 	0.000 	(NA, NA)	NA 	
V6	0.000 	1.000 	0.000 	(NA, NA)	NA 	
V12	0.000 	1.000 	0.000 	(NA, NA)	NA 	

