

############################################### 
           Output = V19 
###############################################

###### Fitting Model #####

surface = reg 
Stepwise Addition:
 Model                                       	GCV Score
 15                                          	 1095.8 
 15  6                                       	 296.98 
 15  6  7                                    	 152.5 
 15  6  7  9                                 	 17.183 
 15  6  7  9 11                              	 12.027 
 15  6  7  9 11  3                           	 7.3271 
 15  6  7  9 11  3 12                        	 4.2561 
 15  6  7  9 11  3 12  2                     	 1.7648 
 15  6  7  9 11  3 12  2 14                  	 0.98344 
 15  6  7  9 11  3 12  2 14  1               	 0.58158 
 15  6  7  9 11  3 12  2 14  1  4            	 0.378 
 15  6  7  9 11  3 12  2 14  1  4  5         	 0.17338 
 15  6  7  9 11  3 12  2 14  1  4  5 10      	 0.079734 
 15  6  7  9 11  3 12  2 14  1  4  5 10 13   	 0.0074494 
 15  6  7  9 11  3 12  2 14  1  4  5 10 13  8	 2.2534e-15 

Stepwise Deletion:
 Model                                       	GCV Score
 15  6  7  9 11  3 12  2 14  1  4  5 10 13   	 0.0074494 
 15  6  7  9 11  3 12  2 14  1  4  5 10      	 0.079734 
 15  6  7  9 11  3 12  2 14  1  4  5         	 0.17338 
 15  6  7  9 11  3 12  2 14  1  4            	 0.378 
 15  6  7  9 11  3 12  2 14  1               	 0.58158 
 15  6  7  9 11  3 12  2 14                  	 0.98344 
 15  6  7  9 11  3 12  2                     	 1.7648 
 15  6  7  9 11  3 12                        	 4.2561 
 15  6  7  9 11  3                           	 7.3271 
 15  6  7  9 11                              	 12.027 
 15  6  7  9                                 	 17.183 
 15  6  7                                    	 152.5 
 15  6                                       	 296.98 
 15                                          	 1095.8 

Final Model: 15 6 7 9 11 3 12 2 14 1 4 5 10 13 8


####### Output = V19 #######

#### surface = reg ####

Estimated Model Summary: 
Model: V19 = f(V17, V8, V9, V11, V13, V5, V14, V4, V16, V3, V6, V7, V12, V15, V10)
Rsq = 1
dfmod = 16

Input	Rsq 	src 	pcc^2 	95% pcc^2 CI	p-val
V17	0.890 	0.940 	0.675 	(0.664, 0.685)	0.000 	
V8	0.970 	0.281 	0.017 	(0.013, 0.023)	0.000 	
V9	0.985 	-0.119 	0.004 	(0.002, 0.007)	0.000 	
V11	0.998 	0.116 	0.004 	(0.002, 0.006)	0.000 	
V13	0.999 	-0.023 	0.000 	(0.000, 0.000)	0.000 	
V5	0.999 	0.022 	0.000 	(0.000, 0.001)	0.000 	
V14	1.000 	0.017 	0.000 	(0.000, 0.000)	0.000 	
V4	1.000 	-0.016 	0.000 	(0.000, 0.000)	0.000 	
V16	1.000 	-0.009 	0.000 	(0.000, 0.001)	0.000 	
V3	1.000 	-0.006 	0.000 	(0.000, 0.000)	0.000 	
V6	1.000 	0.005 	0.000 	(0.000, 0.000)	0.000 	
V7	1.000 	-0.005 	0.000 	(0.000, 0.001)	0.000 	
V12	1.000 	-0.003 	0.000 	(0.000, 0.001)	0.000 	
V15	1.000 	0.003 	0.000 	(0.000, 0.001)	0.000 	
V10	1.000 	0.001 	0.000 	(0.000, 0.001)	0.000 	

