

############################################### 
           Output = V19 
###############################################

###### Fitting Model #####

###### Calculating Meta-Model Estimate  ######

surface = rs.reg 
Stepwise Addition:
 Model                                       	GCV Score
 15                                          	 1095.7 
 15  6                                       	 296.82 
 15  6  7                                    	 152.48 
 15  6  7  9                                 	 17.189 
 15  6  7  9 11                              	 12.032 
 15  6  7  9 11  3                           	 7.3256 
 15  6  7  9 11  3 12                        	 4.2578 
 15  6  7  9 11  3 12  2                     	 1.7664 
 15  6  7  9 11  3 12  2 14                  	 0.98476 
 15  6  7  9 11  3 12  2 14  1               	 0.58268 
 15  6  7  9 11  3 12  2 14  1  4            	 0.37882 
 15  6  7  9 11  3 12  2 14  1  4  5         	 0.17366 
 15  6  7  9 11  3 12  2 14  1  4  5 10      	 0.079867 
 15  6  7  9 11  3 12  2 14  1  4  5 10 13   	 0.0074585 
 15  6  7  9 11  3 12  2 14  1  4  5 10 13  8	 Inf 

Stepwise Deletion:
 Model                                       	GCV Score
 15  6  7  9 11  3 12  2 14  1  4  5 10 13   	 0.0074585 
 15  6  7  9 11  3 12  2 14  1  4  5 10      	 0.079867 
 15  6  7  9 11  3 12  2 14  1  4  5         	 0.17366 
 15  6  7  9 11  3 12  2 14  1  4            	 0.37882 
 15  6  7  9 11  3 12  2 14  1               	 0.58268 
 15  6  7  9 11  3 12  2 14                  	 0.98476 
 15  6  7  9 11  3 12  2                     	 1.7664 
 15  6  7  9 11  3 12                        	 4.2578 
 15  6  7  9 11  3                           	 7.3256 
 15  6  7  9 11                              	 12.032 
 15  6  7  9                                 	 17.189 
 15  6  7                                    	 152.48 
 15  6                                       	 296.82 
 15                                          	 1095.7 

Final Model: 15 6 7 9 11 3 12 2 14 1 4 5 10 13


###### Calculating Sensitivity Indices #####

###### Calculating CDF Estimate  ######


####### Output = V19 #######

#### surface = rs.reg ####

Estimated Model Summary: 
Model: V19 = f(V17, V8, V11, V9, V12, V7, V14, V3, V13, V5, V4, V16, V6, V15)
Rsq = 0.9999993
dfmod = 41

Input	S.hat 	S.cum 	T.hat 	95% T CI 	p-val
V17	0.882 	0.882 	0.887 	(NA, NA)	NA 	
V8	0.075 	0.958 	0.088 	(NA, NA)	NA 	
V11	0.013 	0.971 	0.018 	(NA, NA)	NA 	
V9	0.014 	0.984 	0.016 	(NA, NA)	NA 	
V12	0.008 	0.993 	0.008 	(NA, NA)	NA 	
V7	0.000 	0.993 	0.007 	(NA, NA)	NA 	
V14	0.006 	0.999 	0.004 	(NA, NA)	NA 	
V3	0.000 	0.999 	0.002 	(NA, NA)	NA 	
V13	0.000 	0.999 	0.000 	(NA, NA)	NA 	
V5	0.000 	0.999 	0.000 	(NA, NA)	NA 	
V4	0.001 	1.000 	0.000 	(NA, NA)	NA 	
V16	0.000 	1.000 	0.000 	(NA, NA)	NA 	
V6	0.000 	1.000 	0.000 	(NA, NA)	NA 	
V15	0.000 	1.000 	0.000 	(NA, NA)	NA 	

