

############################################### 
           Output = V19 
###############################################

###### Fitting Model #####

surface = reg 
Stepwise Addition:
 Model                                       	GCV Score
 15                                          	 1253.3 
 15  6                                       	 520.32 
 15  6  7                                    	 141.87 
 15  6  7  9                                 	 18.252 
 15  6  7  9 11                              	 12.81 
 15  6  7  9 11  3                           	 7.9191 
 15  6  7  9 11  3 12                        	 3.3598 
 15  6  7  9 11  3 12  1                     	 2.1934 
 15  6  7  9 11  3 12  1 14                  	 1.3896 
 15  6  7  9 11  3 12  1 14  2               	 0.66855 
 15  6  7  9 11  3 12  1 14  2  4            	 0.31964 
 15  6  7  9 11  3 12  1 14  2  4 10         	 0.13591 
 15  6  7  9 11  3 12  1 14  2  4 10 13      	 0.071669 
 15  6  7  9 11  3 12  1 14  2  4 10 13  8   	 0.011157 
 15  6  7  9 11  3 12  1 14  2  4 10 13  8  5	 2.7587e-15 

Stepwise Deletion:
 Model                                       	GCV Score
 15  6  7  9 11  3 12  1 14  2  4 10 13  8   	 0.011157 
 15  6  7  9 11  3 12  1 14  2  4 10 13      	 0.071669 
 15  6  7  9 11  3 12  1 14  2  4 10         	 0.13591 
 15  6  7  9 11  3 12  1 14  2  4            	 0.31964 
 15  6  7  9 11  3 12  1 14  2               	 0.66855 
 15  6  7  9 11  3 12  1 14                  	 1.3896 
 15  6  7  9 11  3 12  1                     	 2.1934 
 15  6  7  9 11  3 12                        	 3.3598 
 15  6  7  9 11  3                           	 7.9191 
 15  6  7  9 11                              	 12.81 
 15  6  7  9                                 	 18.252 
 15  6  7                                    	 141.87 
 15  6                                       	 520.32 
 15                                          	 1253.3 

Final Model: 15 6 7 9 11 3 12 1 14 2 4 10 13 8 5


####### Output = V19 #######

#### surface = reg ####

Estimated Model Summary: 
Model: V19 = f(V17, V8, V9, V11, V13, V5, V14, V3, V16, V4, V6, V12, V15, V10, V7)
Rsq = 1
dfmod = 16

Input	Rsq 	src 	pcc^2 	95% pcc^2 CI	p-val
V17	0.875 	0.935 	0.631 	(0.620, 0.643)	0.000 	
V8	0.948 	0.273 	0.023 	(0.018, 0.029)	0.000 	
V9	0.986 	-0.193 	0.007 	(0.004, 0.011)	0.000 	
V11	0.998 	0.111 	0.003 	(0.001, 0.006)	0.000 	
V13	0.999 	-0.023 	0.000 	(0.000, 0.000)	0.000 	
V5	0.999 	0.022 	0.000 	(0.000, 0.001)	0.000 	
V14	1.000 	0.022 	0.000 	(0.000, 0.001)	0.000 	
V3	1.000 	-0.011 	0.000 	(0.000, 0.001)	0.000 	
V16	1.000 	-0.009 	0.000 	(0.000, 0.000)	0.000 	
V4	1.000 	-0.008 	0.000 	(0.000, 0.001)	0.000 	
V6	1.000 	0.006 	0.000 	(0.000, 0.001)	0.000 	
V12	1.000 	-0.004 	0.000 	(0.000, 0.000)	0.000 	
V15	1.000 	0.003 	0.000 	(0.000, 0.001)	0.000 	
V10	1.000 	0.002 	0.000 	(0.000, 0.001)	0.000 	
V7	1.000 	-0.001 	0.000 	(0.000, 0.002)	0.000 	

