

############################################### 
           Output = V19 
###############################################

###### Fitting Model #####

###### Calculating Meta-Model Estimate  ######

surface = rs.reg 
Stepwise Addition:
 Model                                       	GCV Score
 15                                          	 1253.3 
 15  6                                       	 520.37 
 15  6  7                                    	 141.82 
 15  6  7  9                                 	 18.26 
 15  6  7  9 11                              	 12.814 
 15  6  7  9 11  3                           	 7.926 
 15  6  7  9 11  3 12                        	 3.3581 
 15  6  7  9 11  3 12  1                     	 2.1932 
 15  6  7  9 11  3 12  1 14                  	 1.3901 
 15  6  7  9 11  3 12  1 14  2               	 0.66973 
 15  6  7  9 11  3 12  1 14  2  4            	 0.32028 
 15  6  7  9 11  3 12  1 14  2  4 10         	 0.13615 
 15  6  7  9 11  3 12  1 14  2  4 10 13      	 0.071818 
 15  6  7  9 11  3 12  1 14  2  4 10 13  8   	 0.011168 
 15  6  7  9 11  3 12  1 14  2  4 10 13  8  5	 Inf 

Stepwise Deletion:
 Model                                       	GCV Score
 15  6  7  9 11  3 12  1 14  2  4 10 13  8   	 0.011168 
 15  6  7  9 11  3 12  1 14  2  4 10 13      	 0.071818 
 15  6  7  9 11  3 12  1 14  2  4 10         	 0.13615 
 15  6  7  9 11  3 12  1 14  2  4            	 0.32028 
 15  6  7  9 11  3 12  1 14  2               	 0.66973 
 15  6  7  9 11  3 12  1 14                  	 1.3901 
 15  6  7  9 11  3 12  1                     	 2.1932 
 15  6  7  9 11  3 12                        	 3.3581 
 15  6  7  9 11  3                           	 7.926 
 15  6  7  9 11                              	 12.814 
 15  6  7  9                                 	 18.26 
 15  6  7                                    	 141.82 
 15  6                                       	 520.37 
 15                                          	 1253.3 

Final Model: 15 6 7 9 11 3 12 1 14 2 4 10 13 8


###### Calculating Sensitivity Indices #####

###### Calculating CDF Estimate  ######


####### Output = V19 #######

#### surface = rs.reg ####

Estimated Model Summary: 
Model: V19 = f(V17, V8, V9, V10, V15, V14, V4, V5, V11, V6, V16, V13, V3, V12)
Rsq = 0.9999989
dfmod = 47

Input	S.hat 	S.cum 	T.hat 	95% T CI 	p-val
V17	0.870 	0.870 	0.876 	(NA, NA)	NA 	
V8	0.071 	0.941 	0.075 	(NA, NA)	NA 	
V9	0.042 	0.983 	0.035 	(NA, NA)	NA 	
V10	0.003 	0.986 	0.010 	(NA, NA)	NA 	
V15	0.005 	0.991 	0.008 	(NA, NA)	NA 	
V14	0.000 	0.991 	0.007 	(NA, NA)	NA 	
V4	0.000 	0.991 	0.006 	(NA, NA)	NA 	
V5	0.000 	0.991 	0.005 	(NA, NA)	NA 	
V11	0.006 	0.997 	0.003 	(NA, NA)	NA 	
V6	0.000 	0.997 	0.001 	(NA, NA)	NA 	
V16	0.000 	0.997 	0.000 	(NA, NA)	NA 	
V13	0.001 	0.998 	0.000 	(NA, NA)	NA 	
V3	0.002 	1.000 	0.000 	(NA, NA)	NA 	
V12	0.000 	1.000 	0.000 	(NA, NA)	NA 	

