

############################################### 
           Output = V19 
###############################################

###### Fitting Model #####

surface = reg 
Stepwise Addition:
 Model                                       	GCV Score
 15                                          	 1416.6 
 15  6                                       	 237.28 
 15  6  9                                    	 100.37 
 15  6  9  7                                 	 34.795 
 15  6  9  7 12                              	 11.983 
 15  6  9  7 12 11                           	 8.3018 
 15  6  9  7 12 11 14                        	 5.4238 
 15  6  9  7 12 11 14  1                     	 2.8636 
 15  6  9  7 12 11 14  1  4                  	 1.7425 
 15  6  9  7 12 11 14  1  4  2               	 0.92393 
 15  6  9  7 12 11 14  1  4  2  5            	 0.18274 
 15  6  9  7 12 11 14  1  4  2  5  8         	 0.10077 
 15  6  9  7 12 11 14  1  4  2  5  8 10      	 0.029754 
 15  6  9  7 12 11 14  1  4  2  5  8 10 13   	 1.9697e-05 
 15  6  9  7 12 11 14  1  4  2  5  8 10 13  3	 3.8705e-15 

Stepwise Deletion:
 Model                                       	GCV Score
 15  6  9  7 12 11 14  1  4  2  5  8 10 13   	 1.9697e-05 
 15  6  9  7 12 11 14  1  4  2  5  8 10      	 0.029754 
 15  6  9  7 12 11 14  1  4  2  5  8         	 0.10077 
 15  6  9  7 12 11 14  1  4  2  5            	 0.18274 
 15  6  9  7 12 11 14  1  4  2               	 0.92393 
 15  6  9  7 12 11 14  1  4                  	 1.7425 
 15  6  9  7 12 11 14  1                     	 2.8636 
 15  6  9  7 12 11 14                        	 5.4238 
 15  6  9  7 12 11                           	 8.3018 
 15  6  9  7 12                              	 11.983 
 15  6  9  7                                 	 34.795 
 15  6  9                                    	 100.37 
 15  6                                       	 237.28 
 15                                          	 1416.6 

Final Model: 15 6 9 7 12 11 14 1 4 2 5 8 10 13 3


####### Output = V19 #######

#### surface = reg ####

Estimated Model Summary: 
Model: V19 = f(V17, V8, V11, V9, V14, V13, V16, V3, V6, V4, V7, V10, V12, V15, V5)
Rsq = 1
dfmod = 16

Input	Rsq 	src 	pcc^2 	95% pcc^2 CI	p-val
V17	0.858 	0.931 	0.607 	(0.595, 0.619)	0.000 	
V8	0.976 	0.342 	0.037 	(0.030, 0.044)	0.000 	
V11	0.990 	0.118 	0.003 	(0.001, 0.006)	0.000 	
V9	0.996 	-0.080 	0.001 	(0.000, 0.002)	0.000 	
V14	0.999 	0.047 	0.000 	(0.000, 0.001)	0.000 	
V13	0.999 	-0.019 	0.000 	(0.000, 0.002)	0.000 	
V16	1.000 	-0.017 	0.000 	(0.000, 0.001)	0.000 	
V3	1.000 	-0.016 	0.000 	(0.000, 0.001)	0.000 	
V6	1.000 	0.011 	0.000 	(0.000, 0.001)	0.000 	
V4	1.000 	-0.009 	0.000 	(0.000, 0.001)	0.000 	
V7	1.000 	-0.009 	0.000 	(0.000, 0.001)	0.000 	
V10	1.000 	0.003 	0.000 	(0.000, 0.001)	0.000 	
V12	1.000 	-0.003 	0.000 	(0.000, 0.001)	0.000 	
V15	1.000 	0.002 	0.000 	(0.000, 0.001)	0.000 	
V5	1.000 	0.000 	0.000 	(0.000, 0.001)	0.000 	

