

############################################### 
           Output = V19 
###############################################

###### Fitting Model #####

###### Calculating Meta-Model Estimate  ######

surface = rs.reg 
Stepwise Addition:
 Model                                       	GCV Score
 15                                          	 1416.6 
 15  6                                       	 237.2 
 15  6  9                                    	 100.42 
 15  6  9  7                                 	 34.801 
 15  6  9  7 12                              	 11.984 
 15  6  9  7 12 11                           	 8.3049 
 15  6  9  7 12 11 14                        	 5.4229 
 15  6  9  7 12 11 14  1                     	 2.8652 
 15  6  9  7 12 11 14  1  4                  	 1.7442 
 15  6  9  7 12 11 14  1  4  2               	 0.92546 
 15  6  9  7 12 11 14  1  4  2  5            	 0.18288 
 15  6  9  7 12 11 14  1  4  2  5  8         	 0.10096 
 15  6  9  7 12 11 14  1  4  2  5  8 10      	 0.029808 
 15  6  9  7 12 11 14  1  4  2  5  8 10 13   	 1.9744e-05 
 15  6  9  7 12 11 14  1  4  2  5  8 10 13  3	 Inf 

Stepwise Deletion:
 Model                                       	GCV Score
 15  6  9  7 12 11 14  1  4  2  5  8 10 13   	 1.9744e-05 
 15  6  9  7 12 11 14  1  4  2  5  8 10      	 0.029808 
 15  6  9  7 12 11 14  1  4  2  5  8         	 0.10096 
 15  6  9  7 12 11 14  1  4  2  5            	 0.18288 
 15  6  9  7 12 11 14  1  4  2               	 0.92546 
 15  6  9  7 12 11 14  1  4                  	 1.7442 
 15  6  9  7 12 11 14  1                     	 2.8652 
 15  6  9  7 12 11 14                        	 5.4229 
 15  6  9  7 12 11                           	 8.3049 
 15  6  9  7 12                              	 11.984 
 15  6  9  7                                 	 34.801 
 15  6  9                                    	 100.42 
 15  6                                       	 237.2 
 15                                          	 1416.6 

Final Model: 15 6 9 7 12 11 14 1 4 2 5 8 10 13


###### Calculating Sensitivity Indices #####

###### Calculating CDF Estimate  ######


####### Output = V19 #######

#### surface = rs.reg ####

Estimated Model Summary: 
Model: V19 = f(V17, V8, V4, V9, V3, V12, V15, V13, V6, V11, V14, V16, V7, V10)
Rsq = 1
dfmod = 45

Input	S.hat 	S.cum 	T.hat 	95% T CI 	p-val
V17	0.856 	0.856 	0.859 	(NA, NA)	NA 	
V8	0.122 	0.978 	0.120 	(NA, NA)	NA 	
V4	0.000 	0.978 	0.013 	(NA, NA)	NA 	
V9	0.008 	0.986 	0.008 	(NA, NA)	NA 	
V3	0.000 	0.986 	0.006 	(NA, NA)	NA 	
V12	0.000 	0.986 	0.006 	(NA, NA)	NA 	
V15	0.000 	0.986 	0.005 	(NA, NA)	NA 	
V13	0.000 	0.986 	0.003 	(NA, NA)	NA 	
V6	0.000 	0.986 	0.001 	(NA, NA)	NA 	
V11	0.010 	0.997 	0.000 	(NA, NA)	NA 	
V14	0.003 	1.000 	0.000 	(NA, NA)	NA 	
V16	0.000 	1.000 	0.000 	(NA, NA)	NA 	
V7	0.000 	1.000 	0.000 	(NA, NA)	NA 	
V10	0.000 	1.000 	0.000 	(NA, NA)	NA 	

