

############################################### 
           Output = V19 
###############################################

###### Fitting Model #####

surface = reg 
Stepwise Addition:
 Model                                       	GCV Score
 15                                          	 1410.4 
 15  6                                       	 611.31 
 15  6  7                                    	 115.58 
 15  6  7  9                                 	 13.338 
 15  6  7  9 12                              	 7.426 
 15  6  7  9 12 11                           	 4.2704 
 15  6  7  9 12 11  3                        	 2.7543 
 15  6  7  9 12 11  3  1                     	 1.6319 
 15  6  7  9 12 11  3  1 14                  	 0.61529 
 15  6  7  9 12 11  3  1 14 10               	 0.35788 
 15  6  7  9 12 11  3  1 14 10  4            	 0.20205 
 15  6  7  9 12 11  3  1 14 10  4  2         	 0.08951 
 15  6  7  9 12 11  3  1 14 10  4  2 13      	 0.0020793 
 15  6  7  9 12 11  3  1 14 10  4  2 13  5   	 0.00060048 
 15  6  7  9 12 11  3  1 14 10  4  2 13  5  8	 2.9954e-15 

Stepwise Deletion:
 Model                                       	GCV Score
 15  6  7  9 12 11  3  1 14 10  4  2 13  5   	 0.00060048 
 15  6  7  9 12 11  3  1 14 10  4  2 13      	 0.0020793 
 15  6  7  9 12 11  3  1 14 10  4  2         	 0.08951 
 15  6  7  9 12 11  3  1 14 10  4            	 0.20205 
 15  6  7  9 12 11  3  1 14 10               	 0.35788 
 15  6  7  9 12 11  3  1 14                  	 0.61529 
 15  6  7  9 12 11  3  1                     	 1.6319 
 15  6  7  9 12 11  3                        	 2.7543 
 15  6  7  9 12 11                           	 4.2704 
 15  6  7  9 12                              	 7.426 
 15  6  7  9                                 	 13.338 
 15  6  7                                    	 115.58 
 15  6                                       	 611.31 
 15                                          	 1410.4 

Final Model: 15 6 7 9 12 11 3 1 14 10 4 2 13 5 8


####### Output = V19 #######

#### surface = reg ####

Estimated Model Summary: 
Model: V19 = f(V17, V8, V9, V11, V14, V13, V5, V3, V16, V12, V6, V4, V15, V7, V10)
Rsq = 1
dfmod = 16

Input	Rsq 	src 	pcc^2 	95% pcc^2 CI	p-val
V17	0.859 	0.929 	0.603 	(0.591, 0.615)	0.000 	
V8	0.939 	0.282 	0.017 	(0.013, 0.023)	0.000 	
V9	0.988 	-0.223 	0.017 	(0.012, 0.022)	0.000 	
V11	0.999 	0.102 	0.004 	(0.002, 0.007)	0.000 	
V14	0.999 	0.024 	0.000 	(0.000, 0.001)	0.000 	
V13	1.000 	-0.018 	0.000 	(0.000, 0.001)	0.000 	
V5	1.000 	0.012 	0.000 	(0.000, 0.001)	0.000 	
V3	1.000 	-0.011 	0.000 	(0.000, 0.001)	0.000 	
V16	1.000 	-0.010 	0.001 	(0.000, 0.002)	0.000 	
V12	1.000 	-0.005 	0.000 	(0.000, 0.001)	0.000 	
V6	1.000 	0.004 	0.000 	(0.000, 0.001)	0.000 	
V4	1.000 	-0.003 	0.000 	(0.000, 0.001)	0.000 	
V15	1.000 	0.003 	0.000 	(0.000, 0.000)	0.000 	
V7	1.000 	0.000 	0.000 	(0.000, 0.000)	0.000 	
V10	1.000 	0.000 	0.000 	(0.000, 0.000)	0.000 	

