

############################################### 
           Output = V19 
###############################################

###### Fitting Model #####

###### Calculating Meta-Model Estimate  ######

surface = rs.reg 
Stepwise Addition:
 Model                                       	GCV Score
 15                                          	 1410.4 
 15  6                                       	 611.33 
 15  6  7                                    	 115.63 
 15  6  7  9                                 	 13.343 
 15  6  7  9 12                              	 7.429 
 15  6  7  9 12 11                           	 4.2707 
 15  6  7  9 12 11  3                        	 2.7547 
 15  6  7  9 12 11  3  1                     	 1.6323 
 15  6  7  9 12 11  3  1 14                  	 0.61575 
 15  6  7  9 12 11  3  1 14 10               	 0.35819 
 15  6  7  9 12 11  3  1 14 10  4            	 0.20241 
 15  6  7  9 12 11  3  1 14 10  4  2         	 0.089605 
 15  6  7  9 12 11  3  1 14 10  4  2 13      	 0.0020802 
 15  6  7  9 12 11  3  1 14 10  4  2 13  5   	 0.00060053 
 15  6  7  9 12 11  3  1 14 10  4  2 13  5  8	 Inf 

Stepwise Deletion:
 Model                                       	GCV Score
 15  6  7  9 12 11  3  1 14 10  4  2 13  5   	 0.00060053 
 15  6  7  9 12 11  3  1 14 10  4  2 13      	 0.0020802 
 15  6  7  9 12 11  3  1 14 10  4  2         	 0.089605 
 15  6  7  9 12 11  3  1 14 10  4            	 0.20241 
 15  6  7  9 12 11  3  1 14 10               	 0.35819 
 15  6  7  9 12 11  3  1 14                  	 0.61575 
 15  6  7  9 12 11  3  1                     	 1.6323 
 15  6  7  9 12 11  3                        	 2.7547 
 15  6  7  9 12 11                           	 4.2707 
 15  6  7  9 12                              	 7.429 
 15  6  7  9                                 	 13.343 
 15  6  7                                    	 115.63 
 15  6                                       	 611.33 
 15                                          	 1410.4 

Final Model: 15 6 7 9 12 11 3 1 14 10 4 2 13 5


###### Calculating Sensitivity Indices #####

###### Calculating CDF Estimate  ######


####### Output = V19 #######

#### surface = rs.reg ####

Estimated Model Summary: 
Model: V19 = f(V17, V8, V9, V11, V13, V7, V16, V6, V4, V3, V15, V14, V5, V12)
Rsq = 0.9999999
dfmod = 45

Input	S.hat 	S.cum 	T.hat 	95% T CI 	p-val
V17	0.847 	0.847 	0.865 	(NA, NA)	NA 	
V8	0.096 	0.943 	0.077 	(NA, NA)	NA 	
V9	0.038 	0.981 	0.048 	(NA, NA)	NA 	
V11	0.012 	0.994 	0.012 	(NA, NA)	NA 	
V13	0.000 	0.994 	0.008 	(NA, NA)	NA 	
V7	0.000 	0.994 	0.003 	(NA, NA)	NA 	
V16	0.000 	0.994 	0.003 	(NA, NA)	NA 	
V6	0.006 	1.000 	0.002 	(NA, NA)	NA 	
V4	0.000 	1.000 	0.001 	(NA, NA)	NA 	
V3	0.000 	1.000 	0.001 	(NA, NA)	NA 	
V15	0.000 	1.000 	0.000 	(NA, NA)	NA 	
V14	0.000 	1.000 	0.000 	(NA, NA)	NA 	
V5	0.000 	1.000 	0.000 	(NA, NA)	NA 	
V12	0.000 	1.000 	0.000 	(NA, NA)	NA 	

