

############################################### 
           Output = V19 
###############################################

###### Fitting Model #####

surface = reg 
Stepwise Addition:
 Model                                       	GCV Score
 15                                          	 1378.2 
 15  6                                       	 590.82 
 15  6  7                                    	 117.44 
 15  6  7  9                                 	 13.585 
 15  6  7  9 12                              	 8.7602 
 15  6  7  9 12 11                           	 4.9969 
 15  6  7  9 12 11 14                        	 2.9221 
 15  6  7  9 12 11 14  3                     	 1.5257 
 15  6  7  9 12 11 14  3  1                  	 0.67239 
 15  6  7  9 12 11 14  3  1 10               	 0.4263 
 15  6  7  9 12 11 14  3  1 10  2            	 0.20046 
 15  6  7  9 12 11 14  3  1 10  2  4         	 0.088097 
 15  6  7  9 12 11 14  3  1 10  2  4 13      	 0.034239 
 15  6  7  9 12 11 14  3  1 10  2  4 13  8   	 0.011992 
 15  6  7  9 12 11 14  3  1 10  2  4 13  8  5	 4.4911e-15 

Stepwise Deletion:
 Model                                       	GCV Score
 15  6  7  9 12 11 14  3  1 10  2  4 13  8   	 0.011992 
 15  6  7  9 12 11 14  3  1 10  2  4 13      	 0.034239 
 15  6  7  9 12 11 14  3  1 10  2  4         	 0.088097 
 15  6  7  9 12 11 14  3  1 10  2            	 0.20046 
 15  6  7  9 12 11 14  3  1 10               	 0.4263 
 15  6  7  9 12 11 14  3  1                  	 0.67239 
 15  6  7  9 12 11 14  3                     	 1.5257 
 15  6  7  9 12 11 14                        	 2.9221 
 15  6  7  9 12 11                           	 4.9969 
 15  6  7  9 12                              	 8.7602 
 15  6  7  9                                 	 13.585 
 15  6  7                                    	 117.44 
 15  6                                       	 590.82 
 15                                          	 1378.2 

Final Model: 15 6 7 9 12 11 14 3 1 10 2 4 13 8 5


####### Output = V19 #######

#### surface = reg ####

Estimated Model Summary: 
Model: V19 = f(V17, V8, V9, V11, V14, V13, V16, V5, V3, V12, V4, V6, V15, V10, V7)
Rsq = 1
dfmod = 16

Input	Rsq 	src 	pcc^2 	95% pcc^2 CI	p-val
V17	0.862 	0.933 	0.607 	(0.594, 0.618)	0.000 	
V8	0.941 	0.282 	0.022 	(0.017, 0.028)	0.000 	
V9	0.988 	-0.218 	0.016 	(0.011, 0.021)	0.000 	
V11	0.999 	0.102 	0.002 	(0.001, 0.004)	0.000 	
V14	0.999 	0.022 	0.001 	(0.000, 0.003)	0.000 	
V13	1.000 	-0.019 	0.000 	(0.000, 0.001)	0.000 	
V16	1.000 	-0.014 	0.000 	(0.000, 0.000)	0.000 	
V5	1.000 	0.012 	0.000 	(0.000, 0.001)	0.000 	
V3	1.000 	-0.009 	0.000 	(0.000, 0.001)	0.000 	
V12	1.000 	-0.005 	0.000 	(0.000, 0.001)	0.000 	
V4	1.000 	-0.005 	0.000 	(0.000, 0.000)	0.000 	
V6	1.000 	0.003 	0.000 	(0.000, 0.000)	0.000 	
V15	1.000 	0.002 	0.000 	(0.000, 0.001)	0.000 	
V10	1.000 	0.001 	0.000 	(0.000, 0.000)	0.000 	
V7	1.000 	-0.001 	0.000 	(0.000, 0.000)	0.000 	

