

############################################### 
           Output = V19 
###############################################

###### Fitting Model #####

###### Calculating Meta-Model Estimate  ######

surface = rs.reg 
Stepwise Addition:
 Model                                       	GCV Score
 15                                          	 1378.1 
 15  6                                       	 590.73 
 15  6  7                                    	 117.48 
 15  6  7  9                                 	 13.593 
 15  6  7  9 12                              	 8.7649 
 15  6  7  9 12 11                           	 4.9991 
 15  6  7  9 12 11 14                        	 2.9236 
 15  6  7  9 12 11 14  3                     	 1.5275 
 15  6  7  9 12 11 14  3  1                  	 0.67311 
 15  6  7  9 12 11 14  3  1 10               	 0.42708 
 15  6  7  9 12 11 14  3  1 10  2            	 0.20053 
 15  6  7  9 12 11 14  3  1 10  2  4         	 0.08802 
 15  6  7  9 12 11 14  3  1 10  2  4 13      	 0.034302 
 15  6  7  9 12 11 14  3  1 10  2  4 13  8   	 0.012019 
 15  6  7  9 12 11 14  3  1 10  2  4 13  8  5	 Inf 

Stepwise Deletion:
 Model                                       	GCV Score
 15  6  7  9 12 11 14  3  1 10  2  4 13  8   	 0.012019 
 15  6  7  9 12 11 14  3  1 10  2  4 13      	 0.034302 
 15  6  7  9 12 11 14  3  1 10  2  4         	 0.08802 
 15  6  7  9 12 11 14  3  1 10  2            	 0.20053 
 15  6  7  9 12 11 14  3  1 10               	 0.42708 
 15  6  7  9 12 11 14  3  1                  	 0.67311 
 15  6  7  9 12 11 14  3                     	 1.5275 
 15  6  7  9 12 11 14                        	 2.9236 
 15  6  7  9 12 11                           	 4.9991 
 15  6  7  9 12                              	 8.7649 
 15  6  7  9                                 	 13.593 
 15  6  7                                    	 117.48 
 15  6                                       	 590.73 
 15                                          	 1378.1 

Final Model: 15 6 7 9 12 11 14 3 1 10 2 4 13 8


###### Calculating Sensitivity Indices #####

###### Calculating CDF Estimate  ######


####### Output = V19 #######

#### surface = rs.reg ####

Estimated Model Summary: 
Model: V19 = f(V17, V8, V9, V11, V14, V5, V6, V16, V12, V13, V3, V4, V15, V10)
Rsq = 0.9999988
dfmod = 41

Input	S.hat 	S.cum 	T.hat 	95% T CI 	p-val
V17	0.861 	0.861 	0.860 	(NA, NA)	NA 	
V8	0.080 	0.941 	0.081 	(NA, NA)	NA 	
V9	0.039 	0.980 	0.050 	(NA, NA)	NA 	
V11	0.012 	0.993 	0.011 	(NA, NA)	NA 	
V14	0.000 	0.993 	0.009 	(NA, NA)	NA 	
V5	0.002 	0.995 	0.004 	(NA, NA)	NA 	
V6	0.005 	0.999 	0.002 	(NA, NA)	NA 	
V16	0.000 	0.999 	0.002 	(NA, NA)	NA 	
V12	0.000 	0.999 	0.000 	(NA, NA)	NA 	
V13	0.000 	0.999 	0.000 	(NA, NA)	NA 	
V3	0.000 	0.999 	0.000 	(NA, NA)	NA 	
V4	0.001 	1.000 	0.000 	(NA, NA)	NA 	
V15	0.000 	1.000 	0.000 	(NA, NA)	NA 	
V10	0.000 	1.000 	0.000 	(NA, NA)	NA 	

